49,27
58,75
16,41,38
75,71,64
53,65,6,34,38
75,65,34,64
30,71,65,4
43,58,35,75
56,71,17
53,74,64
49,44,34,64
35,17
56,17
30,53,71,4,28,64
30,71,65
35,75
71,65,4
30,65,4,6,34,38
44
75,65,34,77,38
30,71,65,66,4,31,69
35,17
30,65,28
36,58,12,34
71,65,4,7
35,44,33
44,63
44
30,74,34
43,75,17
74,29,26
30,58,12,71,66,28
76
35,33,64
43,33
43,58,35,75
17
53,74,26
35,74
36,66,9
30,71,65,66,28
25,26
75,13,41,34,77,38
51,69
56,49,73
58,75,34,77
75,53,34,77
35,71
62,71

44,74,69
58,74
22,36,12,4,6,34,38
36,70,6,41,34,77,47
17,44
58,74
70,31,28,32,47
51,43,75,64
44,25
43,41
27

32
30,71,65,4
53,74
10
51,43
30,53,71,28,64,38
36,58,70,71,74,13,42
36,71,13,28,41,38
30,71,65,4
43,65,4
53,73
70,71
58,66,6,34
35,44,74,29,64

58,75
35
43,38
58,65,34
36,53,65,4,34,38
25,63,7
38,19
25,26
71,65,66,38
38,72
36,13,34,77

25,63
45,34,77,63
17,33
17
58
58,12,71,28
35
17
25,63

58,71,65
56,58
17,74
25,63,26
51
58
30,71,65,66,74,4,9
43,58,35,75
58,67
38,72
43,41,38
25,26
58,71,65
76,15
74,64
75,7
56,71,54
65,33,41
53,71,4,38
54,45,34,77,63
57,45,34,77
30,71,65,38
43,35,75,65,4,33
43
51
70,31,42
53
30,3,35,71,17,13
43,58,35
70,65,33,45,38
35,74,64
53,34
62,58
13,41,29,38
36,70,13,42,34,47
58,53,71
54,42
30,71
35,75,13,7
33
20,38
56,17
41
25,63
65,33,41
64

58,12,71,65
13,41
44
30,71,66,4
30,70,65,66,28
66,30,71,65,4
51,74
71,65,64
71,65,54
58,65
12,5,71,65,4,1
43,58,70
12,4,6,34,38
58,54,42
36,70,31,32
30,53,71,65,4
43,35,75,74,64
58,35,53
71,65,66
34
33
38,72
30,33,55,63
70,42,47
58,70
22,65,44,13,72
53,34,38
30,65,4,34,77,63
51,56
58
56,49,17,64
65,34

65,4,34
53,65,6,34
36,65,13,28,41,34

74
43,75,13
35,74
36,58,54,74,13,28,42
39
64
44
36,70,66,34,9

39,58
44,63
58,35
54,42,45
30,71,65,66,28
36,58,70,66,42
39,58,64,38
25,63,26
36,70,31,42,47
30,56,36,33
74,28,29
53,33
30,53,71,65,74
30,36,65,4,34,47,9
58,71,65,1
39,13,41,38
71,74,4,38
17
30,71,65,66,4,31,69
35,75,49,74
35,75,44,63
74
35
71,65,4,1,38
30,36,70,71,6,28

58,67,65
39,60,48,38
30,71,34
58
35
35,17
27
51,56
43
30
30,71,65,4
30,58,71,65
58,70,24
51
53,49,27
71,65,66,4
13
71,65,64
58,12,71,65,74,13,28
35,53,71,74
44
30,71,65,4,34
43,17

30,53,71,4,28,64,38
58,71
58
44
33
58,75
54,6,42
74,38
75,33,13
43,58
30,71,65,69
66,4,9
36,41
11,38
6,34,77,26
22
58,55
76,65,25
53,34,77
43,65,6,13
30,76,65,66,4
58,74,29
58,34
16,41,29,38
75
36,71,13,28,41,38
30,62,3,71
74,33,64
37,47
58,19
58,8,21
39,75,65,41,64
43,58
36,70,54,42,47
44
64
35
36,58,35,71,74
56,58,48,49,73,8
58
58,65,28,55
34
76,35
58,54
58,35
43,13,41,38
61,48,41,69
35,49,34
36,33,55
74,29,26
10,52,42,15,1
51
65,34,38
4,15,34
30,70,71,74
53,17,33
30,58,71
22,12,4,6,34,38

58,54,42
58,71,66,54,55,73,34,47
33,34
58
12,53,65,6,34
65,4,34,7
35,71
36,58,70,42,41,8,72
75,65,4,34,77,64,7,38
58,34
30,71,65,4
58,38,72
65,4,34,38
11,38
58,64,25
41
63
25
36,58,70,42,41
51
70,31
58,71,65
51,74
70,65,4,34,47
51
32,25,63
58,35,34
53,65,6,34
12,67,53,65
65,4,6,34,77
54,42
58,45
16,41,18,38
38,72
35
36,58,70,66,42
43,26
71,29
30,70,65,66,28
43,13
38,72
58,17,13
58,20,41,32,38
35,13
53,65,34,77
34
58,12,6,34
66,4,9
58,34,1
56,53,15
73
30,66,4

58,35,34
58,71,65
56,49,17
58,71,65
30,53,57,45
30,71,4,28,38
39,60,38

30
17
30,36,70,71,6,28
30,71,28
58
51,74
30,76,53,66,4
70,31
62,35,74
12,67,53,65
65,4,34
58,75,34,77
44,63
58
69
35,64
33
35,71,28
33,55,15,63
74
44
58,12,71,65
66
36,58,70
43,58
62,53
43
15,34
13,40,41,29,38
56,58,48,49,65,73
58,70
51
30,71,65,4,28
39,38
74,33
15,1
58,71,65
56,65,73
25
1
74,28,29
74,64
51,56,62
36,58,71
43
53,57,45,34,7
36,34,77,38
26

58,71,66,54,55,73,34,47,9
43,41
30,71,65,4,34
58,67
76,35
75,53,49,44
38,72
51,58,71,65
33,63

36,65,54,59,13,42
71,41
43,75
75,44,63
35,44,34
58
56,49,64
38,72
13
51
58,33,55
30,58,53,71,65,66,28
43,75,65,64
76,36,70,53,65,42
44
58
35
10,76,65
74,64
56,58
58,75,34,77
44,63
36,70,31
58,71,65
30,71,65,4,28
35,74
58,71
35,71
39,58,35
58,71
58,71
71,65,74
74,41
39,58
58,71
58,71
35,74
16,41,38
65,4,6,34,38
39,58,41
17,13
30,71,4
36,13,41,32,38
38,72

35,13
65,66,4,9
58,71,65
71
75,74,38
51,64
49,44
15,1
75
44
71
75,65
75
58,71
38,72
17
58,12,34
71,69
36,58
35,75,64
35,74
71,65,74,28,38
17,64
58,50
58,65,8
56,17
53
58,6,28
13,41,64,38,72
58,65,34
56,58,71,54
70,42
38,72
30,71
34,77,63
34,7
6
13
43,35,64
51,35,64
58,71,54,34,9
17
13,41,64
39,38
71,66,31,28,41,47,9
43,35,75,53
70,31
43,75,64
35,74,64
36,53,6,42
58,6,34
41,72
58

15,1
71,34
76,53
58,48
58,12,65
43,75,74,38
30,58,71
44,33,63
65,13,41,34
30,58,71,34
41
71,65
51,37,69,45
58
36,70,31,32
10,53,42
42,45
61,38
56,15,1
65,74,41
30,71,65,4
56
58,71,54,55,34,9
65,66,4,34
33

10,66
30,71,65,66,4
48,38
58
33,55,63
10,53,45
36,58,70,66,31,13,42
51
66,4,9
35,74
35
10,30,71,65
58,64
74,64
65,4,34
25
56,48,23
34
58,71,65,55
76,35
43
11,38
53
43,58
75,64
35,74
58,35,74
43,35,75
10,56,22,52,57,6,45

33,55,63
53
73
10,56,52,42
71,65,66
30,36
36,58,71
30,71
58,12,71,65,74,13,28
35,53,45,34
38,72
76,36,58,70,65,54
58
35
51,56
34,77,63
51
36,58,35,75,71,13
65,38,72
54,42
11,41
44
30,22,58
58,74
58,71
53,71,65
10,71,45
58,33
53,33,42
17
65,4,34
35,74
16,41,38
58
20,38
75
35,74
38,72
56,15,1
36,70,66,31,42
30,71,65
43,20,38
74,33,63
61,38
67,70,24,31
35
56,58,28,15
38,72
58,35,34
58,64,25
58,35,53
53,6,34,38
30,71,28
16,38
58
36,58,71,65,7
35
22,16,38
58
58,54,42,8
6
51,35
38,72

34,77
15,1
53
56
51,70,69
30,58,4
30,36,58,70,66,42
53
76,64
33,38,72
36,41
13
35
10,56,52
38,72
76,53
30,65,66,31
58,71
58,28
58,35,64
51
44,34,77
10,35,75,65,34,77
41
58,67
59,13
58,53,71
56,73,34
36,35,75,13,41,64
75,64
36,70,53,6,8,34,77,47
58,35,74
74,33
51,38
33
64
58,71
74
76,58,35,71,66
66
64,63
12,67,53
44
32
51,64
30,71,65,37
15,1,63
10,52
74

10,71,65,54

43
74,41

58,65,33,55
74
43

58,35,75,71

71,65
43,58
54,42
58,31
22,58,38,19
43,58
36,13,34
20,74,41,38
35,74
53,65,66,4,34,7
58,2
38,72
71,26
71,74
44
58
58,66,34
74,13,41,64
74,41
43,41,64,38
58,34,77
58,71
51,71
58
38,72
71
65,4,34
36,58,71,65
62,36,71,74
30,71,65,54
36,70,13,42,47
58,71,7
75,53
58,71,7
43
44
71,65,74
6,13,34
43,75
30
51
76,58

10
59,6,13,64
25
56
54,13
13,41
36,58,74,13
74,13,41,38
43,75,65,64
44,69,45
69,45
36,58,65
43,58,53

56,73
10
58,71
25
58,12,71,66,28
71,4,38

33
58,74
13,34,77
34,77
58,52,48,42,45,1
58,15,34
58,71,65
56,58,49,71
10
12,71,65,4
36,70,66,37,13,34
75,74
63
55,15
61,20,32,38
65,4,34,38
74
53,38,72
30,53,45
22,4,6,34
43,38
65,38,72
71,65,4,1
58
36,58,42
17,69
36,74
58,48,23
36,58,65,54,59,13,42
52,71,37,24
44
30,71,65,34,38
65,4,34,38
58,53,54
35
36,74,42
38,72
58,35,34
30,36
74
53,65,42,45,34,77
51,64
65,4,6,34
75,34,77
51
58,15,1
38,72
38,72
10,58,52,45
36,58,65
22,58
58,71
36,58
51,35
36,58
38,72
58,71,34
36,58,70,13,41
35,53,74
6
58,71
30,71,44,74
25
61,38
25,63
10,30,71,65
28,64
43,75,13
43,75,71
61,20,38
11,13,41,38
30,71
35
10,56,52,54
35,44
58
25,63
30,58,12,71,65,28
13
74,41
43,58
53,71,38
44
43
58,12,65,66,41
76,17
43,38
58,53
25,63
66,15
58,35,53

58,71,66,54,74,34,47,9
30
75
58,48,23
36,58,34
43,58,71
36,54,59,13,41,38
44
58
51

25,63
65,34,38
58,70
65,34

35
58,71,37
30,71,65,37
56,58
64
43
38,72
58,50
56,58,71
36,75,71,65,74,8
43,75,65,33,64
73,34
58,67
41
60,41,38
76
58,71,66,54
39,60,38
35,74
71,65,33,55
51
12,67,53,65
31,34
30,13
58,48,23
41
35
36,70,41
58,71
58,55
11,38
30,71,65,4
58
35,53
74
71,65,66,4
43,65,41
57,54,42
11,38
25
10,15
43,58,53
35
63
51
39
51,74
15,1
65,34
58
51,37
43,58
30,71,65,4,34
53,65,38,72
51,45
75,65,34,77,38
76,36,58,70,65
58,54
74,38
30,65,33,55

38,72
35,74
58,12,71,65,74
75
38,72
26
25,63
34,38
30,71,4
58,71,54,74,42
51,36,70,47
58,53,71,74,7
66,31,28,41,47,9
30,58
4,34
58,71,65,7
22,58,38,19
22,38,72
75,6,13,34,77,64,38
39,60,11,33,55,32,38
65,66,4,9
43,58,35
30,34,77
29
56,52,37,24
10,58,42,45
51,58
33
58,48,23
43,75
6,34,77
22,16,38
44
30,47
58,71,74
43
76,38
56,58,15
51,71,74
43,15
22,58,38,19
71,4,33,55
67,65,4
35,41
11,38
51
56,15
74,63
51
36,58,16,41,47
66,9
44,13,64
51,74,64
38,72
10,69,45,34,77
22,58,38,19
4,34
36,58,70,59
43,35
15,1
48
36,70,66,31,13,42
43,65,41,64,38
30,43,4
70,26
51
15
58,13,41,47
75,13
58
58,16
58,33,63
33
30,43,58
74
70,74,31,29
44,59,13,63
36,42,21
58
36,58,65,34,77
35,75,49
76,36,44
56,53
33
3,65,4,34
13,25,63
71,65,74
56,36,58
17
36,58,70
43,53
58
25
30,58,71,65,54
58,71
43,35,29
51,53
53
64
65,4,34,38
41,38
69,45
48,44,13
44
58,41
36,58,70,42,47
71,74,63
66,42,34
36,70,42
74
51,36,70,73
20,74,38
62,74,38

43
36,58,33,13,55
58,48,23
43,75,65,33,64
56,58
36,58,13
10
36,58,70
30,71,65
1
51,74,64
38,72
51,64,26
43
51,33
54,42
65,45,9
74,64
58,25,63
58,59
33,38,72
58,35,17
15,63,38,72
65,66,4,9

25
58,48,41
75,33
66,13,9
66,4,34
58,74
10
56,58
56,42,15
52,48,42,23
66,13,9
58,34,47
43,53
11,38
30,13
43,38
38,72
35
64
51
10,42,55
3,71,65,4
62,63
36
33,13
74
30,71,65,7
48
36,70,31,13
58,71,54,74,42
56,64
26
11,38
52,74
36,58,70,34
58,54,42
25
29
38,72
43,75
58,74
20,40,38
58,66
58,71,74,64,38
25
58,71,7
58,35,71
43,38
76
51,69
43,63
36,58,74
35,44,33,63
56,36,58,54
43
58,69,45
10,1
54,6,42
58,6,34
58,73
74
30,71,65
58,35,71
22,38,72
71,65,54
62
17,74,64
56,15,1
38,72
30,53,71,4
71
36,58,70,65,74
71,25,63
49,17
58,15,1
36,20,38
30,71
41
51,43,64
33,63
36,70,54,29
25,63
38,72
43
30
58
22,25,63
60,4,11,33,38
33,15,1
58,71,65,66

43
30,71,4
58,34
58,2
36,58,71,65
58,41
58,70
58,54,42,45
10,53,65
58,71,54,74,42
58
56,58
51,56
58
13,45
71,38
71,65,28,38
58,71,7
58
25,63
56,33
30,43,4
35,71,54
43,35
36,58,34
28,15,26
63
51
34,38
30,71,66
38,72
12,65,4,34
58,71,65
43,35,75
43,58
76,58,65
13
56,15,1
12,71,66,4
56,36,58,52,15
17,63
58
58,71,4
51
58,71
70,37,24
58
70,69
76,25,63
64
56
74,41
58,71,4
30
36,70,59,42
58,54,13,41
53,34,77
58,71
65,4,45,34
27,7
17,74
58,65,8
10,52,42
76,58
56,52,24
76
38,72
38,72
58,59
71,65,74,34
70,47
58,71
36,34
56,49
49,44
71,4,38
71,65
53,74
30,71
34
58
53
36,58
58
53,71,66,28
4,34,1
33,63
56,49,69,45
30,71,65
66,9
58,49
30,67,65
53,71,44
56,53,49
58
10
58,71,65
30,71,65,4
58,59
58,71,65,7
46,18,38,72
39
30,58,71
74,64
36,58,42
53,66
70

35,74
36,70,53,45,1
75,13,73
58,71
58,42,45

35,74,64
48,23
70,31
70,28
51
25,26
44,41

13,41,38,72
43,36,58
51,69
56,36,58,52,13
56,17
35
22,58,38,72
58,34,1
38,72
58,34
22,3,38,19
58,33

38,72
10,52
62,74,41,38
58
35,75,13
44
74,13,63
58,35
51,57
35,74
47,72
58,35,8
36,58,70,66,31,13,42
45
75,38
10,42

30,58,71
6,34
58
75,64
38,72
35,74
58,38,72
70
71,37
58,55
30,58,12,71,6
74
30,12,4,6,34
10,52
58,74,13
58,35,5,71,7
22,33,38,72
51
58,66,54
36,58,70
58,71,4
71,54,33
58,65,74
16,38
34
51,45
42,23
36,58,70
69,45
58,71,65,13
51
42,21
43

58,53,47
51
76,65,38
43,75,28,64
58,71,65,66
65,9
75,41,64
52,53,33,55
36,13,41,38
30,70,65,66,28
65,34
39,60,11,33,38
36,13
58
35
43,75
63,26
32,38
54
30,71,74
36,70,74,31,28
49
21
52,37,69
25,63
34,7
30,71,65
34
44,13
71,4,38
38,72
33,63
71,66,28
57,69,45
38,72
76
58,33
36,58,70,66,42
51
70,31,28
58,41
30,72
56,52,42,45
38,19
25
58,28
69,45
70,31,47
15
53,50
17
58,50
58,71,7
74,13
51
67,65,34,77,63

58,12,6,34
56,73
38,72
43,65,15
53,65,34,64
30,53,65,4,34,77
10,66,9
36,47
10,52,69,45
58,71,6,28
43,75,74,38
58,6
33
56
36
35,74
58,12,71,7
30,71,65,54,9
51,15
53,17
45,21
51,15
58,71
71
58,35,75,71
43,75,33
56,58,15
75,34,77
45,21
58,71
15,1
74
33,15
30,43
30,62,71
35,45,34,63
36,42,21
22,38,19
38,72
22,48,26
74
15,1
47,72
43,75,65
58,71,4
38,72
76,58,35,12,71,65,66
56
30,71,65,4
11,38
71
22,26
8,25,63
20,38
22,53,44
10,69,45
66,6
58,75
45
54,42
43,36,58
58,27
35
53,74
34,38
58
58,54
20,40,41,29,38
22,38,72
56,52,53
53,1
51,3,58,70,53,1

58,71,4
51,74,64
74
58,15
58
71,65,1
58,50
38,72
58,70
42,45,23,21
33
56,73
34,38
25
64
16,33,41,38
58,65,74
43,58,71,65,38
30,71
36,58,70,65,42
58,71
58,2,69,45
75
58,53,71

22,36,58
43
58,54,55
51
10,31,42
25,63
52,70
53,17
6,34,77,38
10,58,52,42,45
58,53,1
36,58,70,71
71,65,66,4,34,47,38,19
33
58,35
54,42
30,43,65,32,34
44
22,38,72
58,67
49,37,26
56,49,73
36,58
53,17
58,33,55
54,74,29
67,65,4
56,17
71,4,33,38
12,4,18,38,72
74
30,71,65,66,4,72
58,34
70,42,69
38,72
43,75
44
43,41,38
44
39,36,58,28
16,18,38
51
42,45,21
11,38
33,38,72
51

71,38
6,34,38
58
38,72
61,38

58,35
35,64
58,55
34
1
44
6,34
58,48,23

33,38,72
43,13,41
10,52,53,54,42
38,72
38,72
65,66,6,34
65,4,7
35
8,34
69,45
58,25,63
38,72
74,41,38
20,16,38
74
65,4,34
30,71,65
4,34,72
15,1
58,70,31,42
65,34,38
30,71,6,28,38
33
11,38
30,28
30,71,4
58,48,54,42,21
53,66,54,42,9
58

36,71,64,38
58
42,47,21
58,44
36,70,71,66,13,42

58,71
39,60,38
26
3,71,4
35,74
51,36
22,26
30,36,58,71,65
63

4,34,38
36,58,71,65
58,31
67,65,4
36,58,48,44
69,45
25
4,34
27,69
22,63,26
56,58,48
26
22,16,18,38
30,71,28
38,72
43,3,74,4,38
17,64
70,42,47,21
12,67,53,65,4
43,38
51,69
58,71,66,7
58,34,1
1
58,74,28
36,74,13
58,71
15,1
56,73,64
25,63

71,65,4,33,55,38
53,54,42,34
10,52,71
58,75,8,34,77
43
38,72
58,71,54,74,7
58,71,65
25
22,16,18,38
26
58,59
58
58
38,72
36,58,54,33,13,42,26
38,19
56,58,71,8
58,1

75
71,74
26
43,38
58,25
13
65,7
71,41,64
16,38
51,56,65,15
6,34,38
58,54,34
51,24
12,67,53,65
17
56,53
12,71,66,4,34
38,72
30,52,71
65,4,34
30,33
45,9
56,53
58
58
22
51,12,71
58,71
38,72
58
58
53,25,63
58,26
58,44,72
58,44
38,72
71,65,54,42
35
56,58,29
36,70,66,31,42
43,75,29
56,52,53,28
70,31,28,32,69,47
64,25
43,35
56,36,58
25
17,74
54,42,32,45

58,71
74
35,53
58
53,74
53,4,55
36,58,70,42
74
36,58,70,28
56,36,15
51
43,58
36,70,50,47
35,53
51,56,15
53
58
51,15,1
44,50
36,58,35,71,74
43,38
25
15,25,63
41
43
10,58
36,70
51,76,56
76,35
55
30,6,34,77
38,72
58,70
58,53,15
39,60,11,33,38
35
35,64
30,71,65,4
25,63
36,74
11,38
53
12,53,4,33,38,72
58,41
71,74
51,58
36,58,70,71
56,75
58
58,66,7,9
73
4,34,38
51,56,35,17,44,15,64,63,26,38
34,38
51,64
51
58,74
58,64
70
51,10
43,36,58,70
30,36,70,65,34
35,74
58,15
39,38
63
51,71,4,34
58
58,65,34
35,71,74,64
58,59
58,54,42,8
58,75,71,4,64

36,70,42
25,26
36,58,70,48,41,34,19,72
39,68
64
42,23
71
67,4
44,33,63
11,38
43
70,31,47
44,34
43,75
51,56,53,2,34,77
30,56,69,15,26
22,12,71,4
43,35,75,53
35,25,63
38,72
38,72
53,71,65
43,38
53,71,54,24,15,45
10,56,52,65
16,38
58,67,54,42
58
11,38
58,53,34
51,56,58
75,71,64
74
30,71,65,4
15,45,1
43,75
51,53
39,60,38
58,71,65,7
43,35
56
30,71
36,58,71
58,71
33
56,17,64
11,38
17
51,36,58
43,58,35,73
62
36,58
58,65,66,54
22,58,4,38,19
58
16,41,18,38
75,71,64,38
10,43
58,35,69
53,45,21
42
58,45
63
58,50,42
4,1
30,43,71,65,66
58
43,35,29
52,15
56,54,15
35
35,63
58
36,58,74
53,71
51
13
33,38,72
30,58,53,71
30,53,65,34
30,53
56,36,58
58,25
71,65
56,17
38,72
11,38
51,8
58,74
25,63
58,41
65,4,34
58,71
22,58,38,72
54,42,73,45
52,53,15,1
35
22,58,38,72
58
35,74

46,16,38
58,31
56,63
56,4,55
71,65,4,8,38
58,25,63
30,71,28,26,7
58,67
4,34,72
16,33,38
58,29
36,58,52,70,48,71,14,24,50
58,71,54,74,42
64
53,65
34,77
58,71,66
58,71
75
36,59,13
65,15,34,1
58

52,71,37,69

70,6,47
36,58,66,13
44,74
58,71,65,66,9
25
58,34
58,65,54,9
52,71,24
43,38
58,12,66,28
6,34,38
56,52
36,42
51,64
38,72
65,6,34
35
58,33,55
58
58,34
58,16,13,41,38
56,58
70,33
43,38
35
61,38
71,17
74,33
36,58,6,34
56,15,1
52,70,53
58,12,67
54,31
56,58
38,72
51,69
58,75
58,65,34
30,71,65
21
38,72
4,38,19
22,38,19
38,72
70,31
51,71,74,6
53,34,77
58,71,65
58,47
34,38
53,65,54,13,41
35,33,34
51,75
30,58,6,34,77
25,63
34,77,64
58,12,71,28
58,33,72
74
20,41,38
10,22,52,57,6,45,77
35,74
13,8,25,63
51,43
38,72
4,34,1
33
43,64
12,67,53
38,72
30,53,65,4
38,72

30,71
35,69
58,71,65,45
22,18,38
53,71,44
75,34,77
36,58,70
69,45
55
56,52,70,57,71
38,72
22,38,72
66,31,45
70,71,54,42,21
35,34,64
49,44
4,34,38
30,57,71,65
43,58,38

10,42
76
35
33,63
38,72
58,48,23
38,72
71,38
38,72
58,41,38
58,70,54,6,31
10,52
36,58,13,42
56,58,53
10,53
15,1
76,56,64
30,71,65
56,63
35
74
43,75
39,35
43,75,33,13
18,38
25,63
53
58,71
61,38
42,45,21
58
38,72
38,72
43
53
36,52,66
51,74,64

40,38
58,8
53,15
71,15,1
76,36,35
36,58,71
75,74
58,33
58,70,50
20,38
61,58,48,41,34
36,54,42,23,21
36,58
38,72
30,12,71,65,4
22,63
36,58,34
38,72
58,16,13,41
30,71,65,74
58,70,47
58
36,65,74
70,66,31
73
36,52,53,71
56,58
58,70,66,54,31,42
56,58,73
46,16,38
42
44
75,53,34
43,62,58
53,71,65,4
26
47,38,72
38,72
43
38,72
61,38
28,34,38
61,38
51
36,58,42
67,65,74,4
10,65,8,45,34
53,38
36,13,41
36,58,59,13
56,29
76

53,38,72
58,71
70
55,15
52,24,73
58
33
38,72
42,45,21
43
43,38
44
53,48,69
63
12,4,38,72
71,4,34,38
58
30,71,65,4
56,52,53,15
58
58,71,65,54,6
58,67,7
25
58,12,54,13,41,34
22,71,4
22,38,72
3,4,38,72
58,71,74
12,53,71,65
64,19

30,39,33,55,38
34
36,58,70,74
58
58,45
40,38
8,45
38,19
43,75,29
43,48,29
10,45,1
75,65,73
44
69,45
58,67
36,70,42
44,27,9
35,34,64
58,71,65,7
17,63
3,71,4,38
58,35
58,71
58
56
38,72
10,54,68,42,45
10,30,52,15
30,71,28,38
20,38
25,63
61,38
20,38,72
75,13,41,34,77,38
71,65,54
56,58
6,34,38
75,13,41,34,77,38
58,65,45
38,72
75,74,41,38
51,57
58,15
58,50
74,38

54,42,45
39,43,58,74,34
65,15,34
44
58,65,54
58,33,55
74,38
53,71
42
10,53,1
61,38
65,54,15
36,71,74
51
51
58,12,65
67,71
4,15,34
42,23
30,65,66,8,9
71,41,38
71,4,33,55
34,25,63
30,71,65
58,59
30,71,4
53,4,34,38,72
58,48,42,23
75,73
58,65,54,55
58,28,41
74
58,48,23
42,8
51,71
58,70,6,47
51,56,17
61,38
35
51,43
58,20,41,38
63
10,56,52
56,15
42,45
35,75,7
74,4,1,38
10,52,57
25
25,63
51,36,70,65,24,11,38
36,58,35
43,75,7
36,42,23
13,41,32,38
58,66,69
30,71,65,38
58,42,21
25,63
66,28
36,58,70
34,38
58
74
74,33
51
30,42
58,65,54,34
25
58,16,13,41,38
51
58,44,25
74
58,71

35
76,35
30,58,53,71
10,58,54,45
36,41
62
33,38,72
43,29
51
58
58,71
10,45
58,6
51
6,8,34
22,33,38,72
58
58
56,36,58,73
51
36,58,70,13,42,34,47
38,72
56,36,58
58,66,34
30,58,71,65,6,34,77
56,52,15
51
51
58,34
55
51,2,45
30,12,71,65,37,4
30,65,6,13,34,77
10,56,15
58,71,6,28
39,60,38
51
40,38
56,58,52,24
30,58,71
74,13,41
71,4,34
15,1
51,56,69
57,71,4,38
43,54,13,41
36,58,70,41,29
22,58,4,38,72
65,64,38
58,33
38
35
74
56,54
11,38
6,34
38,72
58,67,54,42
25
58,66,21
70,24
65,4,34
10,52,33,55
36,58,35,71,74
38,72
34,25,63
10,52
56
53,50,69
52,53,48,54,42,69
36,58,71
10,42,45
56

58
58,65,45,1
58,66
16,38
58,42,21
51,8
58,34
71,65,54
58,71,26
35
51
68

51,58,28
58
58
56,36,17,69
25,63
56,58,48,49,73
33,38,72
71,28,38
56,52
54,42
30,71
51,56
34,77
58,55
58,67
58
34,77,25,63
55
56,15
51,71,64
33
20,40,38
51
30,58,53,71
25
71,4
36,58,70,8
34,77,63
25,63
38,72
39,58

43,35,75,33,13,63
58,35,74

53,69
10,76,36,53,54,15
6,34,38
51,63
74,38

6,41,34,38
51,8
71

51,58
30,12,71,4,7
53,6,34
12,67,53,65
36,53,1
58,66
39,60,38
17
30,71
53,71,33
58,9
53,34
36,70,55
74,29
53,65,74,64,38
58,35,54
58,71,54,74,42
35,71,65,7,38
36,58,47
58,1
65,4,34,38
58,54,6
22,16,38
4,34,38
56,58,33
58,17,64
48,49,26
75,13
51
38,72
53,14,8,34
10,58,65,45,34
61,38
35,75,33
70,31,25
58
54,13,41
35,63
61,38
34,77
30,36,42,34
71,65,66,4
16,33,38
22,38,72
58,75,8
58,74
58,67,2,54,42
10,56,52,15
58,71,66,7,9
51,43
36,11,33,38
61,38
36,58,66
59,34
53
38,72
58,24
62,35,69
34
65,66,54
56,49,73
22,26
34,77,63
10,42,69,45
58,12,71,54
53,71,74
74
62,58,35,54,74
58,6
75,41
56,36,70,31
58,2
71,55
10,15,1
71
58,71,54,74
75,65,13,41

58,27
70,74,31,29
73
58
30,71,65,74
64
43,38
58,71,74,6,28
53,55
54,24,42
36,58
58,72
53
33,28,34,38
53,15,34
38,72
30,71,65,7
49,73
38,72
76,36,58,65
35
16,33,38
56,58,52
38,72
35,27,64,63
30,69,45
58
4,11,38
56,58,67,54
70,21
58,1
36,42,23
56,36,33

38,19
58,25
70,31
30,71,65,38
36,70,65,4,28
3,4,34
53,64,38
43
63,26
71
10,56,58,45
40,38
34,64
22,12,4,38
33,38,72
58
38,72
51,76,36,64
10,1
30,58,12,33,55
38,72
10
56,58,54
58,71
53,65
22
39,38
61,58,53,38
11,41,38
40,38
52,69
58,12,71,65,6
52,66,24
22,38,72
30,65,66,4,9
51
71,65,4,34

38,72
40,38
30,53,74,13
51
53
35,17
6
58,42,23
58,74
58,71
58,71
58,35,53
51,65,54,44,15
58
58,34
4,34
39,38
58,28,41
4,34,38
17,34,77
51,58
58,71
36,58
65,74,13,41,64
36,70,66,31,13,42
73
51,43
58,77
51,70,69
58
26
70,71
58,45,34,77
30,53
58,42
58,71
58,75,54
51,36,65,41,34

74,13,41,64
53,1
36,53,74
58
35,41,64
58,59
53,71,65
58
36,58,2,8
51
25,63
58,71
58,71
58,70,27,8
43,35,75,64
38,72
38,19
42,21
14,21
27
74
38,72
10,52,42
58,54,34
1
12,71,65,4
52,42,45
57,42
38,72
71,65,4,6,28,38
64
38,72
58,74,41
48,44
43,58
61,38
74,64
70
71,54,15
58
52,25
56,58
25
10,52,74
58,38,72
38,72
39,60,38
22,64
69,34,7
36,71
58,57,42,45,21
30,53,65,34
43,38
73
58
38,72
51
30,69,34
58,54,42
22,38,19
1
51,56,52
43,58,71,54
43,38
36,58
36,58,42,55
33,38,72
10,52
49,28,34
56,58,54,15,1
35,71,65,7,38
58,21
58,70,24
15,1
10,56,58,52,42,69,45
51,64
67,6,34,38
15,1
39,38
58,34
58,45
43,2,38
58
43,58
56,58
70,57,34,77
58,42,45,23,21

76,38
74,38
71,65
71,74
30,71,38

58
74
36,42,23
53,59
52
53
71,54,74,33,63
64
52
39,13,38
1

35
75,13
51
30,71,65,74
58,66
67,4,9
58,8
58,34
58,8
58,25
38,72
53,8,1
38,72
58,12,34
51
71,63
38,72
10,52,71,65,74,38
36,58,70
58,38,72
52,48
58
16,38
38,72
38,72
43
65,4,34
35
25
8,38,72
51,58
43,20,38
34
58,71
38,72
58,75
55
58,74
49
43,58,71
74
25
42
11,38
44
42
22,38,72
58,54,74
51,58
58,65,7
51,58
56,58
56,71,69
38,72

58,70,66
34
58,67,7
71,37,4,15
58,65,1
16,38
39,60,38
58
36,54
56,58,52,17
58,8
61,38
11,38
71,65,4,38
76,58,65,54
30,58,65,7
58
58,65,66,6,8,34
58,71,6
58,74
34,38
51,43

64,38
56
71,65,4,38
43,38
58,12,6,13,41,34
36,58,20,41,38
62,53
58,33,72
56,58
58
15,25
12,53,65,8
17,64
43,38
73
74,38
24
70,42,69
41,38
30,71

16,38

65,6
74
25,63
58,65,66,54
58,15
43,35,53
58
75,13
58,69
71,38
43,38
58,24
36,58,54,42,23
56,58
65,66,4,8,34,9
58,70,66,54,31,42
52,53
58,38,72
64
10,45
54,42
25,63
16,38
16,38
43
36,58
25,63
58,25
10,56,54,42
38,72
39,38
51
58,67,65
71
58,75
53,71
51,58
35,64
54,27,42
43,38
38,72
43,58,65
38,72
58,54,42
51,43,64
76,58,71,54,34
16,38
25
56,58,54,34
58,73
24,42
15,25
38,72
43,38
75,71,64
4
33,15
64
43,33,38
22,58,38,72
75,74
53,54,33,55
43,58,75
58,53,8
64
51
36,58,35,70
38,72
22,38,72
70
36,70,63
56,58,48
58
44
71,26
11,38
38,19
71
58
58,75,73
58,34

51,58
16,13,64,38
36,58,70,47
43,35
51,35
22,16,38
58,71,65
58,28
27
51
33
53
38,72
53,28
10,65,15,1
36,71
44,74
74,4,38
38
30,58,74
53

58,44,6
38,72
6,34,38
34,38
71
30,66
22,4,8,38,19
58,35,67,71
58
53
30,36,58,15
58
62,58
70,54,24,42
71,65,74
16,38
71,34,38,72
58
61,38
25,63
74,38
6,38
58,16,33,38

58,38,72
51,56,36,52,15
56,58,54,8
58
58
75,13
58,74
25
70,57
34,77,64
65,66,9
51,58,70
53
43,58,17,8
56
13,38
54,42,69,45
76,36,58,70,65
8,72
25,63
58,35
43,58,38
22,38,19
36,38,19
20,38,72
38,72
10,56,54,42
36,47
35,75,34,77

58
30,69,15
62
58

30,43
38,72
58,45,1
30,39,33,55,38
58
38,72
10,58,42
30,28,26
22,58,4,38,72
30,66,28
70,63
53,71
11,38
56,13,73
58
58,40,29
74
35,34
58,34
74,38
55,15
71,28
22,4,34,38
51,50

10,52,42
30,33,55
49,34
43,58,44
60,58,11,33,38
51
36,70
33,38,19
30,58,71,28,26
58,53,33
53,15
11,38
61,38
35,53
58
58,71,65,54
58
58,65
30,71,65,74
58,48,23
51,76,8
58,6,34
38,19
36,58,34
58,38,72
61,38
10,73,1
22
43,38
34
10,65
38,72
58
30,71
71
56,36,58
58,53,71,74

56,62,15,26
33,38,72
58,12,71
58,42,21
34
30,6,34
22,6,34
25,63

73,64
34
3,71,65,74
58
10,55
16,38
58,70,8
38,72
38,72
22,58,65
51
58
11,38
51,53,50
76,35,44,64
61,38

56,15
51
65,4,34
13,45,34,63
65,73
10,76,58,45
38,19
58,65,66,34
35
36,53,74

58,70
65,4,34,38
72
10,30,76,45

10
36,58,54,42,23
42
25,63
53,65,38
58,6
36,70,31
77,63

22,38,72
6
51,58,71
48,34,77
61,53,4,38
30,53,65,66
71
34,26
8,34,77,64
51,6
71
33,63
8,25,63
58,33,38,19
41
58
36,66,4,13,41
10,52
1
36,13,41,32,64,38
58,65,54
62,16,38
22,16,38
56,58
58,24
30,71,65,4
71,54,37,45
38,19
63
10
36
58,52,24
10,54,42
34,77,63
25
58,42
35
10,52,45
36,58,70
36,70,42
74
1
34,77,38
58,75
7
39,75
58,71,65
35
43,38
36,58,71,74
10,58
51,58
69,45
30,28
56,52,53
4,34,38
71,15
58,1
76
58,68

32,38
65,59
12,4,33,55,38
60,33,38
9
58,65,6,34
36,41,19
33,38,72
53,72
61,38
10,1
74
58,12,71,65,28
12,67,53,71,65,2,6,7
54,4,34,38
4,34
39,60,38
58,47

42
58,13
61,38
43,4,38
70,45
40
22,65,4,38,19
51,53
36,58,71
58,6
38,72
38,72
25,63
58,12,71
58,44
38,72
30,65,8
56,15
66
43,38
6,42,21
43
35,44,41,63
38,72
58,71,65
56,58
58,33,55
30,58,71,8
6,42,23,21
36,70,47,19
15,1
43,58,53,4,38
58,34
56,58,54
70,42,21
76
43
58,25
25
10,58,42,23,21
15,1
69
38,19
58,73
43,65
58,35,34
58,1
6,34,38
51,43
22,16,38
30,71
69
13
58,31,28
58,71,54,42
58,53,55
52,37
42
58,16,33,8,38

51
58,9
10,56,52
30,71,65,54
58,71,65
32,38
51
74
22,38,72
30,58,71
16,38
25
74,64
10,58,42
58,33,38,72
11,38
65,4,34
67,34,38
10,30,58,45
58,71,65,37
51,69
25,63
53,65
76,53,64,25
38,72
36,58,70,34
70,65,66,6,31
11,38
1

34,64
30,58,53,71
35,41
51,35
74,41
58,8,63
58,70,42
16,38
51
25,63
43
58
58
71,65,4,38
75
58,71
36,54,74,42
52,15
48,45,26

39,60,38
58,71
36,42,21

58,15,1
33
58
30,71,65
56,69,45
65
58
30,71,74,8
76,70
56,36,58,53
61,20,38
74
36,24,47
58,17,54
58
10,71,74
58,29
10,58,52,45
34
38,72
44
55
58,54,44
58,52,48,71,54
21
64
38,72
11,38
45
21
16,38
58
53,33,55
43,65,38
43,58,41,15
10,56,58,42,69,45
58,66,7,9
45
38,72
51,49
59
71,66,4,69
15
6,34,38
51,10,52,69
33
56,58,52
38,72
53
61,38
53,25,63
71,4,38
58
71,38
58,65,54,9
74,38
61,38
15,72
56,36,71
35
52
61,38
67,6
38,72
56,52,33,45
51,53,65,4
75,70,48,11,41
58,44,74
30,71,6,28,38
10,52
30,58,53,71,65
51
33
58,42,23
22,4,38,72
38,72

17,44
58,55
38,72
65,66,34,38,9
51
38,72

51
36,70,34
33,15,1
58,1
36,75,71,13,41
61,38
58
58,53,38,72
10,58,42
58,70,48
58,71,65
16,41,38
58,71,65,7
15
38,72
15
71,4,6,28,38
75,34
56,52,15
53,71,66,74,13
10,4,6,1
65,66,9
13,55
38,72
58,65,54,9
43,64
65,64
30,53,38,72
58,6
30,58,71
4,34,38
30,58,71
10,42,1
56,53
12,53,4,34,38
10,52,53
12,67,53,65
43,38
43,58,35,75
38,72
33,38,72
58,67,65,54,42,34
11,38
58,71,38
58,15,1
43,75,38
12,71,4,38
30,58,55
58
63
33,38,19
65,74,33
58,17,13
9
42,21
71
12,71
36,53,65,13,28,8,34

71,15
58,17,13
35,13
51
6
4,34,72
22,38,72
58,71,54
53,50,69
10
33,38,72
38,72
51,58,35,8
38,19
30,53,71,38
58,54
58,25
30,71,65,4
58,34
52,24
36,58,71
58
53,71,65,74,42
57,37,42,69
10,45
18,38
38,72
51,56,52
56,58,53
53
10,56,52
54,42
43,65,29
30,15
58,59
36,1
58
58,67,65,54
36,58,70,65,66,6,8,34
58,71
22,4,38,72
38,72
71,54,4,38
22,38,19
36,58,70,65,9
73
54,15
36,53,15
28
56,36,54
51
34,77,38
34
22,38,72
10,54,59,13
58
39,41
36,70
16,38
56,36,65,54
58
11,38
58,74,28

36,70,65,54,42
34
58,5,71,65,7
36,58,70,66,31,13,42
38,72
1
10,56,58,42
51,36,70,71,65,24
52
71,65,28
75,13
58,71,65,54
56,52,53
10,52,42
58,12,71,65,4
70,31,28
10,36,52
4,34
25
39,38
4,34,38

11,38
56,15,1
22,8,38,72
15
30,58
51
22,46,16,18,38
58,71
56,36
66,34
10
43,75,64
51,74,4
58,54
16,38
16,38
33,38,72
65,64
51
58,66,28
15,34
58
58
71,34
30,43,36,42
56,58,52
21
22,58,38,72
58,25,63

43,33
61,38
51
41,38
71,74
56
51
58
38,72

66,38,72

58,34
76,38
44
56,58
42,23,21
38,72
58,66,9
56,58,54,45
58,71,65
51,65
53,71,15
51,56
43,58,29
56,33,28,29
58,74,41,38
38,72
35,74
51
22,38,72
51
22,71,63
58,65,54
11,38
58,12,66
43,75
51,58
36,71,8,64
71,8,38
71,7
10,58,42,7
51,43
34,77,38
39,75,40,38
52,13,55
58
10,42,45
76,32,38
58,54
33,55,45
51,36
38,72
10,56,52,53
36,70,44
49,1,63
43,36
70,31,28,8
61,38
4,6,34,38
71,54
51
30,58,67
15,1
65,59,4,13,64
38,72
35
71,1
30,34,77
36,49,16,13,41,34,38
10,58,42
36,48,23
1
38,72
8,15,34
53
38,72

58
42,21
10,12,53,71,65,34
58
76,32,38
58,34
61,20,41
11,38
1
38,72
39,60,38
56,36,58,24
38,72
58,65,54,42
58,74
65,13,34,77,63
58,12,34
53,55
58
53,71,65,4
61,58
62
36,74
77,64
38,72
51,56,58

62,36,58
58,35
36,17
51
58,70,50
33,38,72
52,70,53,24
3,52
61,20,38
58,35,53,71
42
22,38,19
43,53,42
43,56,29
36,58,59
51,10
10,52,74
38,72
58
36,38
58,59,13
58,15
58
51
58,12,6,34,77
51
58,12,71
30,58,11,38
58,71,54
36,58
45
58,12,11,38
33,38,19
30,34
61,33,38

38,72
58
51,58,57,24,8
35,74
71
36,70,66,31,42
43,3,74,4,38
42,45,23
58,74
58,71,42
8,34,38
4,33,38,72
51,37,15
25
51,10
58,41,38
38,72
56
30,15
54
71,4,33,38
70,21
54,42
65,1
44,69
34
30,71,38
58,28
62
58,42
43,38
38,72
58,34
10,30,52,24
51,15
38,72
30,43
1
58,42,21
56
6,25
61,38
4,16,18,38,72
58,71,65
58
58,45
38,19
10
44
10
58,21
74,38
43,64,38
61,38
74,64
70
30
22
58,71
74,29
58
43,75
51,43
43,35
58,65,54,47
51
30
51,58,48
1
75,64
65,38,72
8,34,38
76,58
58,9
61,38
49,44

43,75,53
58,71
58
58,71
58,34
48,17
58,41
16,38
10,56,52

11,13,41,32,8
52,70
38,72
51
51
71,38
11,38
53,59
58
58
65,66,4,6,9
22,38,19
71,15
61,38
56,36,58,70,42
74
58
36,58,70,13,42
30,53,45
42,21
44
58,25,63
53,15,25,63
38
53
58
38,72
16,38
75,71
71,65
10,62,52,45
66,6,38,9
58,67,65
38,72
53,1
77
52,70,57,37
76
36,70,57,31
61
25
58,54,24,42,73
10
58,65,33,55
58,45
38,72
38,19
38,72
10,56,58
58,54,6
38,72
35
58
58,59
58,74
51
56,58,52
52,71,42
58,71,65
36
51,58
36,71,74,24
51

58,75
58,54
58,45,34
25,63
43,35,33,63
58,71
43,3,74,4,38
30,71,65,37,4
51,52,48
71
57,47
30,74
51,43,38

58,71,65
35,74
38,72

58
56,58,52
38,19
58
33
44,25
38,72
53
38,72
38,72
57,42,45,21
36,71,45,64
53
22,16,38
65,4,34
58,71
70,24,31
22,36,70
56,52,53,15
58
58,75
22,38,72
58,34
11,41,38
39,38
61,58,12,53,38
51,53
4,11,38
58,53,71,65,45
58,74
63
35,13,41
36,58,59,13
58
71,4,47
35,33
58
30,71,65,4
43,35,75,53
58,71,74
22,38,19
16,38
55
58,12,71
58,71,65,7
22,38,72
66,34
36,72
38,72
30,43,53,71,4,28
45,34
65,4,16,34
58,71
58,53,55
58,52,54,42,21
43,36,58,41
71,65,33,19
56,53
56,52,69
65,4,34,38
58
58,65
43,38
51,45
30,53,71
45,34
58,54
58
56,58,71,74
43,35
74,38
35,75
71,65,4
25
51
16,33,38
56,15,1
33,55,38
30,71
58,48,41,29
58,38,72
76,17
30,71,66

43,58
59
16,38
16,18,38
25
30,71,65,37
10,42
10,67,71,54
56,53
58
70,31
51,17
34
38,72
76,25
58
38,72
36,58,54,42,23
71
61,38
58,8
30,15
58,45
39,38
38,72
11,38
10,52,15,45

36,58,70
58,25
25,63
54,42
58
43,38
51,48,2,24,69
42
58,52
38,19
61,38
61,38
71,65,4,38
30,70,71
65,38,19
65
4,34,38
10,56,52
10
30,71
13,34
71,74
58,54
58,67,71,65,54
12,53,71,65,4
51,10,37
58,71
56,58,45
11,38
8,38,72
20,38
30,53,71,6,28
42
33
58,41
36,70,42
25
51
58
4,13,38,72
36,67,70,53,65,66,6,28,42,9
36,58
10,58,52,42,45
16,38
42
61,38
71
38,72
56,49,33,29
34,38
53,1
56,58,55
62,36
36,58,70,71,66,31,13,42
36,58,70,24,72
51
16,38
58
58,71
43,65
70,74,24,38
38,72
58,14,50
22,4,16,38
43,65
4,34
43,35,75,65,33
38,72
71
58
58
1
58
30,71,69
36,58,42,23
51
10,47
58,71,45
76,65,4,38
53,71
52,70,71,6,31,28
58
36,58,8
36,70
39,38
10,56,52
22,63
58
74,38
75,55
56,58
10
30,71,74,28
38,19
36,70,31,42
36,58,42,23
58,48,6,23
71,4,13,38
35,70,71,65,31
67,65,34
10,53
10,42
38,72
58,71
41,38,72
38,72
58,71
58,12,65,66
10
74
58,8
58,13,34,77
58
56,52,15
61,38
43,12,53,71,4,38
43,75
51,50
71,37,15
42,21
58,71,54,42
61,38
58
36,58,67,13
58,65
36,58,65,8
4,34,38
43
34,38
56
22,58,16,8,38
58,71
36,74,64,38

71,74,41,47,64,38
1
34
39,58,35
61,38
57,6,68,42
10,58,42,45
53,65,38,72
38,19
53
15,1
53,69
43,8,38
58,47
10
38,72
30,55
18,38
53,25,63
25,63
47
38,19
58,52,55
38,72
58,67,54
51,69
43,58
58,54,42,7
58,1
38,72
71
30,71
8,25
56,58,67,54
51,62

51,70
30,53,65,33,55
33,15
51,35
66,6,9
58
58,71,65,74,42
10,56,52
51,76,56
52,33,55
58,12,6,34
58,12,7
51,71,28
71
58
74,38
38,72
39
58,5,42
76,58
58
53,71,65,42
35
58,71
13,47,72
58
43,75,38
51
51,35
4,38,72
22,65,4,47
53
58,52,54,42,21
51
58
58,1
58,24
24,42
36,70,31,28,42
35,74,64
51,58,54
4,34,1
42
38,72
36,31
35
36
8,25
30,71,54,74,26
11,38
51
58,12,71,65,34
51,24
58,35,71,7
16,18,38
51
56,53
30,70
56,36,28
58,65,74
36,70,71,74
6
51,71

53
43,74,38
76,58,54
38,72
25,63
3,53,4,16,38
64,7,38
56
30,58,71
48,44,14,13
65,34,38
58,1
65,59,45
35
11,38
30,65,66,4
74,13,64
51
39,38
52,33,63
76,38
4,8,47,38,72
58,70
35
10,52
65,4,34
10,56,52
11,38
36,58,71,65,13
58,71
38,72
58,52,24,55
56,52,24
16,38
58
51
43,63,26
38,72
21
58,42
10,56,52
58
71,38
76,66,25
33,38,72
75,13,41,34,77,64,7
58,25
70
58
1
42,21
30
11,64,38
58,42
51,64
38,72
58,8,1
25,63
58,6
71
10,57,54,27,42,45
47
23
51
71,74
34,77,64,38
11,38
25
35,69
43,64
34,77
13
39,38
57,42,21
51
58,53,59
58,11,38
58,71
58
43,38
58,45,34,7
51
43
30
36,58,70,28
58,68
51
35,74,13,41
38,72
25,63
38,72
4,34,38
38,72
58,34,38
58,12,65
38,72
35,8
10,52

38,72
30,70,66
35,75,71,65
10,52,24
66,15
43,58
70,42
70,54,42
10,56,58,52,42

51
76
16,38
38,19
51,69,45
64,25
10,52
51,8
70,54,24,42
44,13
58,15
58,35,64
22,38,19
53,34
38,72
58
74
54
58,1
36,65,74,41
36,58,70
42
58,35

58,71,54
43,65,15
71
56,58,73
65,66,54,6,8,9
39,38
51,56
70,31
12,71,4,6,28
71
58
41
58,16,13,41,38
56
30,53,71,65,74
58
74
51,56
36,58,70,24,47
58,44,14,50,34
53,25
53,65,74

71,4
10,66,45,34,9
58,48,69
56,53,4,15,1
3,4,38,72
58,70,66,54,31,42
10
10,56,52
56,52,53
38,72
61,38
75,17
71
71
34
36,58,24
38
30,65,4,34
38
36,58,70,66,42
58,65
38
51,53
58,65
53
43,35,13,73,8
36,58
65,4,6,34
30,52,28,15
65,74,38
28,25
58,35,74
36,58,70
30
74,63
58,54,42
58,49
30
74
71,66,4
71,4,38
66,4,34,38
74,38
38,72
53,15
51,58,8,34
15,1
36,58
76,53,54,6,8
33,38,72
51,65
34,77
65,7
4,38,72
39,58,48,38
53,1
58
10,52,42
75,41,64
42,21
53
43,3,74,4,38
10,55
16,38
36,70,13,42,34
38,72
65,44,13,34
51,56,58,54,69
58,74,13,41,29,64,38
42
58,13,41
43,3,58,71,24
36,58
43,36,58,65
58,71
53,34
34,38
25,63

58,4,34,77
35,74
36,58,54,42,45
53,55
58,48

58,42

25
51,10
75,13
58,12,67,54
38,72
16,38
36,41
43,58
30,58
38,72
4,8,34,38
53

10,12,53,65,34,7
25
33
58,12,34,7
65,34,38,72
51
30,53
58,71,65
16,38
58,59
50,64
43,20,41,38
58,71,7
58,54,42
58
74,38
38,72
16,38
43,58,17
58
70,31
51
62,36,58
30,71,65,64,38
36,53,74,29
30,71
58
44,14,13
34
21
38,72
58
51,74,41
22,38,19
58,12,65
53,65,15,34
43
10,30
58,38,72
53
37,63,26
43,33,38
22,4,38,72
51,56,64
56,58
30,12,71,65,54,4,1,7
36,58,70
35
71
10,42
34,38
11,38
43
10,56,12,57,42
43,20,38
58,6,34
44,41,32
30,57
43,36,58,65
39,38
51
43,64
51,58,8,64
58,6,42,8
75
58
43,38
56,69,45
70,24
53,8,34
51,58,69
36,58
6,34
38,72
38,19
58
65,4,34,38
17
34,38
58,34
38,19
36,58,70,66,31,13,42
30,53,71,65,74
16,38
53,74
4,34,1
58,71
38,72
66

22,58,5,4,38,72
42,45,23
58,66
33,38,72
38,72
4,33,38
70
36,58,59,13
51,48,74,69
14,50,42,69
35,64
58,71,54
10,58,54,42
51,52,37
32,38
71,64,38
56,58,54
30,34,77
43
52,15,25
25
38,72
45,21
58,74,41
58
52,53,42
58,45
56,52
33,55
33,38,19
71,64
53,42,45
43,53
44,41
53,71,65
38,19
33,38,72
36,58,54,14
53,42,26
71,38
61,38
30,71,13
51,43,38

51,43,2,74,64
58
30,28,34
52,48,21
38,72
42
30,53,71,6
74,38
58,12,71,65
34,38
58,6,8,34
76,4
56,58,49,73
36,41
58,66,54,6,34
36,66,37,6,34
38,72
66
56,17,7
6
30,58,67,71
33,38,72
61,58,12,38
51
56,58
42
11,38
38,72
35
74
53,34
43,38
11,38
11,38
58,12,65,66
11,38
10
40,38
70,54,42
43,48,29
38
10,42
58
43,58
51
43,53,71,13,28,41
51
61,38
10
56,17
58,25
42
53,42
52,48
10,56,52
30,36,6,34
76,44,64,25

38,72
43
51,56,58
51,56
51,24
56,58
51
16,38
39,38
74
53
42
36,58,70,71,74,24
39,38
36,58,1
36,58
66,9
30,58,71,8
42
58,70
58
58,54,6
35,45
22,58,38,72
64
51
10,52,42
42
65,38,19

22,38,72
58,74
70
38,72
58,70,48,27,42
51
43,58
43,38
38,72
45
43,75,38
61,38
53
51
53,71
58,71,65
18,38
51,52,24
35,41
11,38
43,15
58,71,65
30,58,71
34
58,57
43,74,38
30,71,28,23
70
36,58,70
30,28,15,63
38,72
74,38
41
30,65,55,73
22,4,34,38
11,38
13
39,60,38
58,66
38,72
34,38
11,38
4,34,38

43,38
33,38,72
51,70,37
13
36,70,42
48,23
56,36,58,13
39,38
25,63
71,54,42
53
61,38
51,41,29
30,53,71
67,65
56,36,58,24,8
51
51
1
51
58,6
38,72
75,34,64
10,43,58
76
30,58
51,56
30,66,4,26,9
38,72
65,74
58,54,28
25
58,71
10,56,58,42,45
34,38
61,38
58
51
52
25,63
53,1
52
10,52,45
58,42
38,72
42,23
58,54
51,69,7
21
58
56,58,15
36,58,59
58,48,44,14
38,72
30,65,13,34
58,70,66,54,31,42
58,71
53,34,38
58,7,72
68
30,4,6,34,38
36,58,52,71
34,38
58,53,16,33,38
61,38
38,72
38,72
71,1,38
22,15
61,38
43,58,65,74
38,72
65,28
15
58,13
58,15,1
58,71,15
76,53
38,72
38,19

65,4,34
11,38
53,17,34,77
36,4,38,72
73,69,45,64
30,58,52,70,71,24,6
12,71,4,38
38,72
22,38,72
53,71,65
44,63
30,58,70,71,65,68
38,72
58,8,47
52,24,31
10,58
58,53,71,74
58
10,58,52
58
58,74
53
34,38
10,58,52
10,58,52,42
58,65,45,9
53
61,38
38,72
30,65,66
58,6,34
33,55
65
51,45
58,50
51,36,70
1
53,55

58
51
51
10,1
41,38
8,38,72
51,52,71,37,6,28
30,71,8
10,56,58,52,45
38,72
71
22,38,72
58
58,53,71,65,1
36,53,66
43,38
38,72
60,38
58
58,66
58,48,23
33,15,1
51
70
58,35,65,74
74,13
11,38
10,54
38,72
51,36,70,24,11
65,4,16,34
43,75,13
56,53,15

43,64
17,44
58
38,72
61,58,12,53,38
30,58,66
58,72
58,65
58,71
39,35,74
10,52,71
58,25
43,58,29
15
42
76
61,4,38
61,38
58,6
53,65,38,19
65,66,9
43,52
10,52,6,15
12,65,66,4,34,38
30,70,71
33,38,19,72
33,38,72
58,54,34
43,56,36,58,75
58,71,65,54,45
71,33,55,63
66,37
33,32,38
58
51
10,52,12,6,34
51
42
25
58
61,38
35
44
6,47,72
56,58,54
51,34,77
30,22
58,1
10,52,42
56,58,49,64
34,38
1
53
10
30,67,65
38,19
38,72
10
40,38
58,66,34
54,42,15,23,21
56,53,71
58,53
38,72
33,63,26
43,62,37,8,45
42,23
38,72
56,36,58,65,74,13
36,70,59,13
16,38
62,64
51,53
58,54,13,55
38,72

30,71,28
38,72
11,38
4,33,38,72
51
30,76
70,31,28
10,52,33,42
61,38
53
58
58
58,50
58
53,25
32,38
71
58
59
6,15
30,26
58,12,28,34
51
10,52
61,38
54,34
36,71,54,15,1
58
38,72
64
51
58,1
38,72
61,20,38
30,71,4,29
51,56,52
30,60,76,58
58,12,71
36
36,33
58,70,48,66
10,52,57,45
58,53
51,69
38,19
71,65,4,7
51
58
71
10
53
51,56,17

1
30,53,71
11,38
58,54,42,21
38,72
53,42
33,15
46,38
42,21
58
22,16,38
38,72
58,12,6,7
43,38

58,71,65,66
56
58,8
36,58,54,42,23
38,72
35,74
39,60,5,38
56,70,24
11,38
58,42
33,38,72
25,63
11,38
58,75,8
35
38,72
71
42,23
43
30,34
38,19
74
58,71,65
33,38,72
58,48
30
52,55
39,75,65,41,64
43,41
58,71,50
53
30,34
58,55
51,58,53,69
61,38
38,72
36,42,23,21
10,56,52
22,33,38,72
36,15
38,72
67,53,42
65,11,38
12,71,65,4
16,38
38,72
58,74
58
33,38,19
58,71,74
50,69
43,58,1
42
36,58,54,42,23
58,71,65,54
16,38
58,66,15
42
36,74,41
52,73
43,33,38
30,53,71,65
34,38
38,72
58,9
43,41,38
51,36,70,71,65,24,6,34
41
58,71
38,72
38,72
43,75,33,41,8,64,38
36,35
26
38,72
71,65,4
67,4,34
12,53,37,7
33,38
58,71
51,49
59,13
70,53,15
58,13,41
51
34,38
71,38
51
61,38
58
65,38,72
51,56,52,15
74,38
24
76
10,52,53,15
36,58
16,38
51,52
36,58,70
31,28,34
71,74,4,1,38
32,38
4,38,72
58,72
58
11,38
30,4,34,77,64
38,72
74,64
58,52,67,48,14
58,42,55
53,71
10
48,16,38
61,38
38,72
38,72
58,50
58,67,65,54
48,41
53,71
11,38
66,4,34,38
58
58
56,34
51,11
38,72
65,34,7
74,38
4,38,72
71
61,38
51,35,8,64
74,26
39,60,38
4,6,34,38
75
36,54,13,41
70,31
30,71,65,37,38
56
58,66,9
36,70,31
10,12,65,4,34
65,4,38
58,66,54,9
51,8
38,72
25
15
33,38,72
58,24,23
51
74
43,58,65
58
38,72
36,74,41,64
20,38,72
71
58,74,38
35,17
53
28
51,36,70,65,24,11,38
51,69
56,52,53,50
4,34,38
39,38
30,58,71,28,8
51,53,29
65,66,4,38,9
56,58,52,24
58,1
76,53,8
58,33,55
71,65,6
30,53,71,65,74,38
42,23
44,25,63
51
15
58,34,77
4
51
36,13,41
53,31,8
58
43,38

58,71
51,34
58,21
67,66,9
34,77
56,58
38,72
58,71,74
54,42
74,38
61,38
58,35,75,74,13
51,56,52,64
51
71,15
51
65
65,33,55
38
52,53
41,38,72
60,38
58
15,1
58,1
10,69,45
69,45
51
52,33,15,25,63
70,69
38,72
58
65,8,34,77
41,8
36,70,53,27,50
10,36,52,71
36,58,74
36,53,44
30,58,34
51
36,58,55

58,70,48
32,38
34,7,38
51
56,22,52,63,26
11,33,38
56,58,8
43,38
51,58,15
51,53
70,24
13
58,47
10,53,45
38,72
22,4,38,72
38,19
58,52,71,15
52,71
43,58,53,65,64
38,72
58
30,71,65
11,38
53,15,63
4,33,38,19,72
39,58
58,52,12,6
38,72
51
58
51,57
75,71
52,15
13,41
56,52,45
41
58,14,50
43,38
30,67,65,34
12,71,38
44,64
43,35
56,52,48,23
22,38,19
58,71,74,50,41
74
33,38,72
42
51
30,65
36,58
62,65,74,38
30,35,75,33,34,64
51,10,53,2
51
6,34,38
15,1
58,25,63
58,17,13
1
58,8
51
39,60,11,33,38
58,33,55
34
38,72
56,36,58,65,73
30,71,65
42,69,23,21
58
15,1
58
51
35
52,66,24
58,53
58,14
76,17,54,41,64
10,1
25
20,38
16,38
22,8,38,72
38,72
11,38
71
53,65,66,4,8,34,38,9
32,38
38,19
34,38
34
51,15
51
58,54,6
22,15
58,24
41
30,66
35,13
10,58

38,72
30,48,33,26
58,1

43,38
34,26
13,41
1
30,58,65,54,34
58,66,54,6,34
30,34
11,38
42
6
58
41
58,6
58,54
61,38
65,34
30,36,58,71
61,38
58,28
33,13
51
51
30,67,65,66,9
10,52,53,37
58
38,72
56,58,37
56,36,58,55,34,77
12,53
54,42
34,38
58,65
57,33
42,23,21
71,4
71
34
58
58
51,71
42,15,23,21
58,38,72
37

8,34
67,54,42
38,19
61,38
36,70
30,13,7
53
58
36,58,48,54,42,23
70,42
51
65,66,54,9
61,53,38
43,3,74,4,38
51,56
58,6
43,74,4,38
51
58
36,58,48,54,42
58,28
42
58
38,72
58,42,23,21
1
51,1
13,38
58,41
51
54,37,34,77
53,34

11,38
25,63
58,42
76,12,71
43,58,41
74,31,13

63
42
71
11,38
38,19
36,41
16,38
58,8
53,38,72
11,38
58,70,31
33,38,72
71,65,28,34,38
58,55
58,69
58,74
30,58,65,66
58,12,65,28,41
74,38

20,8,38
56,35,54
58,70,42
51,53
30,70,71,65
43,38
11,38
33,32,38
38,72
58,54,42
36,70,34
10,58,52,69
51,53
42
58,42,23
58,12
43,75
52,6,26
39,60,38
67,53,65,4,6,7
36,58,70,66,6
38,72
30,71,65
8,34
35,65,74
61,38
41
33,38,72
58,42,45,34
76,58,70,65,42
36,70,47
20,40,38
32,38
58,21
58,71,74
61,38
36,70,65
53,15

36,70,59,34,47
74
74,38
10,52,66
42
18,38
24,42,21
53,38,19
53,37,33
34,64,38
76,58,65
34
58,53,71,38
51,8
58,16,8,38
10,42,45,23
30,71,74
65,74

71,4
34,38
58
16,38
69,45,38
38,72
61,38
58,71
66,15
65,4,34,38
16,38
42,21
12,2,4,38,72
38,19
56
76
43,53,38
11,38
43,58,71,54
58
18,38
34
30,53,71,65
10,52
22,38,19
10,1
56
13,9
65,74,13,38
56,36,58
19
58,53,71
16,38
56,58,52,54
74,9
11,38
58,28
34,77
58,55
36,58,48,54,42
34,38
43,58,71,65
33,38
56,15,1,63
10,52,70,54,42,45,21
16,41,38
74,38
58,12,71,65
10,52,53
5,38,72
30,71,65,4
58,54
36,58,70,28
11,38
25
30,4,34,38
53,4,38
16,38
43,58
48,14,47
62,58
30,36,58,70,33,55
11,38
56,53,15
30,58,12,71,65
58,65,4,6,34
53,65,54,8
42,21
58,72
51
38
34,38
58,45
25,63
58,12,7
51
38,72
43,58
30,71
51,53,54,4,42
38,19
51,58
25
38,72
53,71,65,7
40,38
10,56,36,52,53,15,1
51,2,69
56
58,65
58,54
58,34
11,38
10,52,57,45
30,34
8,18,38
69,45
71,6
58
58
51
11,38
36,71,74
22
28,15
4,6,34
71
15,1
10,42
22,3,65,6,45,34,38
51,58,70,4,15
4,28,34,38
30,76,58,25,63
54,74,29
36,58,70,66,31,13,42
30,70
46,38
56,24,15
38,72
30,57,71
38,72
11,38
36,70
10,52
11,38
53,65,66,8,9
21
56,58
39,60,38
4,38,72
4,8,34,38
51,69
58,52,67,24,6,45
51,55
6,34,38
61,38
71
51
53,71,28
30,66
71,8,38
58,21
58,74,6
33,38,19
58,71,65
74
25,63,26
65,38,72
38,72
61,38
36,52
54,8,34,38
58
61,20,38
41
12,71,4,38
58,44
61,38
38,72
39,38
21
30,53,71,7
58
30,71,4,8
38,19
58
58,28
58
62,8
56,52,53,42,73
70,42,23
30,58,71,65,74
61,65,38
38,19
30,73
38,72
58,59,13
11,38
52
51
71,74,4
10,67,53,34
58,71
69,45
65,4,34
21
36,54,42
43,41,64
10,28,42
11,38
58,70,47
71,28,34
42
56,58
25,63
58
58
43,74,38
16,33,38
51,35,64
76,58,53,45
43,20,38
71,38
38,19
41
44,6
51,50
30,76,65,66,4
42
38,19
56,58,53
10
58,54,9
36,58,54,42,23
46,16,38
58,42,23
58
71,65,64
30,71,4
56,58,52
56,36,58
38,19
38,72
51,65,59
36,65,74,13
61,38
58,15
74,13,41,38
4,38,72
58,54
51
46,38
22,38,19
51
43,8,64,38
58,34
51
51
51
41,32,38
58,71,6,28
53,8
40,38
58,17,8,69
56,52,53,15
58,53,71,38
4,16,33,38
38,19
58
71,65
58,65,4,38
16,38
43,38
38,72
38,72
71,38
58,53,71
38,72
43,64
58,65,6,8
73
72
22,38,19
43,38
58,52
58

71,74,4,38
51
38,19
58
58
58
58,33,55,8
58,53,71,74
38,72
1
38,72
38,72
34,63
30,15
58,71
73
53,24,42
58,54,6
4,33,32,38
58,70,48,54,42
38,72
52,33,15,1
20,38
53,71,65
58,71
35,44
43,38
36,58,71,65,54,9
66,54
58,70
41
58
58,71
25,63
58,41
38,72
1
51
43,58,70,48,54,31
45
10
10,12,53,5,65
17
71,65
71,4,1
58
71,37,4,15
58,12,38,72
16,38
65,16,41,38
30,71,65,37
16,38
74
53,71
53,48,14,15
53,38,72
36,58,65,24,34
58,71,8
60,4,38
10,69,45
61,38
10,42
54,27
33,32,38
58
53,45
58,53
58,52,7
53
22,38,19
58,66
36,58,24,42
63
43,20,55,38
16,38,72
38,72
43,41,38
71

10,53,42,45
58
16,38
51
76,25
10,45
58
64
51
71,38
53,71,6,28
51
30,44,11,33,42,55,64,38
51,71
16,38
53,66,4,38
58
38,72
46,4,16,18,38
56,52,53
38,72
58,70,42
74,64
37,63
16,34,38
36,58,74
58,53,8
30,26
58,75,7
38,72
10,36,42
58,34
58,64
70,6,31,28
52,71,65,4
36,53,69
10
58,12,71
71,38
51
58
58,67,71,65
25,63
51
58
70,1
38,72
4,34,38

51,58,64
58,71
34,38
56,36
66,34
58,8
10,1
58,42,21
30,33,15
68
10,6
58,59
58
49
51,70,69
35
71
61,20,38
23
6
10,12,53,65,34
38,72
58,38,72
61,38
56,71
76,58
71
11,38
58,42,45
38,72
51
71,24
53
58,45
10
22,4,38,72
52,69
10,53
51
58,71
12,65,6,34
15,25
51,36,70,24,11
2,24,13,42,8
56,48,65,66,34
51
53
58,74,8,38
16,64,38
56,37,63
58
4,38,72
11,38
41,38
53,42,69,45,21
11,38
58,54,68,42
4,34,38
66
71
58,12,71,65,6
4,38
56,58,54
10,58,54,42
33,38,72
51
30,33,55
33,38
38,72
43
30,71,65,13,55,34,77
33,38
44,33,55
65,9
23
58,71,54
58
76,65,4,38
70,33
58
58,54
58
58,12,1
33,55,63
58,34
53,59
8,34,77
75,41,34
42
58
58
51,36,12,70,71,24
51
38,19

10,42,1
38
4,11,8,38
43,64
58,12,71,65,6,34
23
10,42,23
12,71,4,38
51
70
36,58
43,13,38
58,31
66
36,71
52
36,58,70,42
76,13,63,38
58,12,71,7
51,65,74
53,38
38,72
51
75,71,8
58
57,71,37
51,43
74,38
74,38
51
36,52,70,24
74,63
51
35,33,34
4,34,38
17,44
66,4,34,38

30
56,52
74,38
61,38
38,72
38,72
8,1
58,54
76,58
51,10
56,71,74
38
30,34,38
52,70,31
77
58
61,38
56,36
58,12,71,65
52,71
30,58,71,8
16,38
74
8,64,7,38
38,19
43,58,38
38
30,3,71,8
53
16,38
30,6
51
58,71
58
11,38
17
71
58
58,28,34
11,38
38,19
69,15,45
51,65
35
62,22,15
40,38
53
36,58,54
38,72
66
58,12,34
53,71,54,8,9

38,72
38,72
76,35
38
51,74,34
71,65,4,38
38
53,65,55,8,34
10,42
75,34
53,28,8,34
10,1

25
53,34
58,71
17
16,38
58,42
36,48,49,41
36,70,13,42
43,58,54
53,71,38
58,71,65,74,64,38
51,43
43,71,65,4
38
38,72
56,36,58
58,38
53,71
22,4,16,38
18,38
6,34,38
51,43,38
58,72
48,34,77,64
70,42
34,38
61,38
43,38
71,65,7
49
11,38
51
18,38
43,36,58
28
51
43,3,65,74,4,38
69
22,38,72
38,72
10,58
51,76

62,15
58,53,34
65,38
43,58,2,38
71,15
58,74
51,10
51,37
38
58
71
35
30,58,65,66
51
58,74,28
51
59
58,44,8,77
58
10,42
36,35
58,71,65
33
56
38,72
71,64
2,44
4,33,38,72
38,72
51
53,49,27,8
15
58
38,72
76,71,65,66,4
13,55
38,72
38,72
71,74,64
38,72
58,73
4,34,38
64,26
43,52,24
51,53,8
70,57,31
58,71,8,38
38,19
36,58
15
56,52,24
38,72
56,58
38,72
58,35,8
61,20,38
69,45
43,75,65,33,38
10,42,7
51
58,66,28
68
34,38
65,33,38,19

51,58,52,48
4,34,7,38
38,72
39,60,38
10
51,15
15,1
58,48,42
75,41,34,38
30,71

58,35,59
58,54
58,1
58,54,41,34
58,52,48,50
56,36
53
51,43
58,54,15
8,25
58,74
58
34,38
58,65,15,34
70,31
58,70,66,31,42
42,21
63
56,52,53,17

43,38
6,34
38,19
38,72
52,53,45
62,24
56,15
15,1
41
53
56,58,52
56,58
18,38
1
61,38
58,52,8,69,45
58
10
71,65,26
42
22,15
74
30,54
51
4,38,72
74,8
51,37,15
30
38,19
30,33,38
16,33,28,38
8
15,1
36,58,42,21
10,59,42,45,34
58,34
71,74,69
10,42
53,21
53,48,14,50,42,45
58,15
58,48,49,41
58,53

74,38
52,53,55
60,38
58,8
58,12,6
10
53,65,4,15,63,26
58,21
22,16,38
30,33,55,26
38,19
65,33,63,26
58,28
30,71
58,71
61,53,38
30,57,65,55,26
40,38
51
36,58
38
10,30,52,71
36,58,70,6,31
74,38
58,42,45
58,70,21
36,58,48,54,42,23
4,16,38
38,72
61,38
38,72
36,58,48,23
66,6,8,9
34,38
58
38,72
51,6,8
34
71,28,38
65,54
32,38
58,54
10,58,34
38,72
36,58,15,1
10
58,54,44
51
38,72
11,38
10
8,34
38,72
58,54,7
39,36,58,75,48,13
38,19
74,41,38
36,58,70,34,77
25,63,26
1
38,72
5,71,74,4,8,38
38
69,25,63
36,58,21
43,58
58,53,71,38
58,50,7
38,72
38,72
38,72
51
58,53,71,38
58,71
56,58,67
21
76,58,45,34
38,72
30,53,71,65,4
53,38,72
6,68,26
30,53,33,42
46,38
51,69
10,42
58
58,1
75,33
16,38
58,71,54,42
71
41,38
10,56,52,17
51,70,48,69
58
56,33
7
11,38
58
10,58,42
53,71,65,74
36
22,58,48,45,77
10,52
74,41
58,34
53,15
1
32,38
39,58,38
38,72
51,58
71
74
36,70,53
11,38
53,8
51,36,42
38,72
74,28,38
51,58,33,38,19
51,69
36,58,53
58,52
53
22,38,72
36
33,40,38
58
58,12,47
58
34,38
43,38
58,8
58,71

58,52,53,54
58
1
76,70
30,53,71,65,4,38
65,4,38,72
41
51
51,8
58,71,68
30,62,65
38,72
22,38,72
38,72
58,13
38,72
73
51
11,38
56,53
30,53,71,65,4
51
48,72
74,38
10,52
58,66
51
58,65
14,50,69
56,58,45
51,16
11,38
30,28,34
58,65,42,45
58,34
44,25,63
62,20,48,16,41,38
71
51,58
25,63
38,72
70
16,33,38
58,67,54,6,50,42
11,38
58,13,41,34,64
58
38,72
51,53
10,76,58
67,17,54
70,42
39,60,38
10,52,65
38,72
43,15
38,72
36,58,70
25
10,45
10,52
10,34
58,42
10,52,28
51,52
58,24

10,52
71,66
58,71
58,69,34
43
10,52
4,38
33,38,19
52
53,8
11,38
38,72
30,71,4,69,15
58
33
58,65
56,52,70,24
42
58,53,71,65,54
56
41,38,72
58,71
53,14,15
33,38,72
35,48
56,52,24
30,57,71,24
53
11,38
43,38
10,56,52
34,38
71,65,1
60,2
11,38
58
11,38
51,36
58,42,45
38,72
58,71,65
61,38
56,52,24,33,15
58,64
38,72
58,65,54

4,34
33,38,72
30,58,71,74
67,53,7
36,58,66,24
38,72
66,4,34,38
58
4,38,72
24
56,58,52,48,45
53,8,1
33,38,72
54,64
58,1
10,30,56,49
51,56,54,69
56,58,54
45,21
17,44
48,27
10,52,42
52
58
38,72
43,6,38
61,53,38
56,36,58,15,1
53,65,4,38
58,52,17
11,38
75
58
42,23
10,65,4,38
28,8,34,38
74
51,52
38
56,58
42,21
38,19
38
22,48,38
58,42,64,72
10,56,36,52,42
58
56,58,52
51
58,52,6
43,38
41,38,72
25,63
43,73
39,60,38
44
58,71,13,41
11,38
4,34,38
58,54,68,42,15
45
51
58
58,71,65,6
56,58,54
57,45,21
51,52
42,21
71,74
58,54,42
36,70
41,38
30,55
51
76,48,38
22,33,38,72
30,58
43,58,75
43,65
22,63,26
56,58,52,48,45
25,63
41
33,38,19,72
30,58,53,71,8
71,65,74
56,52,53,24
58,53,71,38
4,13,34
58,1
53,15
34,77,38
33,38,19,72
38,72
56,53
30,71,28,38
43,38
16,38
15
58,48,54,13,45
43,50,8
30,43,71,37,13
58
56
58,53,65
38,72
58
69,45
75,65,8,34,77,64
54,42
30,65,8,34,63
38,72
25,63
36,70
71,15
56,36,58,13,42
11,38
51,56,36,42
51
38,72
43,38
56,64
61,38
58,48,42,23
51,43,64
36,58
53
10,58,45
38,72
15,1
58,42

26
13
66
4,34,38
36,70,53,31
33,64
38,72
52,54,42
58,25,63
11,38
53,42,45
16,38
38,19
1
44,69
11,38
57,42,21
58,26
4,11,38
36,58
42
38,72
58,15,1
3,4,34,72
51
38,19
13,41,38,72
33,38,72
36,54,23,21
58,54,59,13,41
51
30,71,65,8
58,71
43,41,38
53
51
56,52,24
25
30,71,28
58
53,42
63
76,58,54
38,72

65,34,38
58
56,58
36,58,15,1
34
56,14,50,42,73
58,59
58
11,38
8,38,72
58,15
58,35
53,15
58
51,29
58,12,67,34,7
58,2
36,23
58,53,65,4,34
36,58,48,42,23

8,34
58,65
58,71
58,54,6,34
71,7
56,58
4
51,36,70,57,24,11,38
38,72
51
43,75,8,38
35,74
11,38
58,71
61,58,38
36,70,42
16,38
58
22,4,38,72
36,48,54,42,23,21
53,11,38
43,38
58,71,74
53,71,54,38
36,58,70
67,6
58,54,6
58,71
38,72
12,4,1
71,37,69,15
36,70
38,72
58,1
36,70,71,74,13,41
58,74
38,72
74,41
4,38,72
36,53,42
65,4
51
58,34,38
4,11,38
74,41,38
58,54
61,38
44,33,63,26
36,70,42,45
38,72

51,2
70,26
4,38,72
58
25
16,41,38
58,53
54,34,38
38,72
58,50,1
10,54,33,42
38,72
51,36,70,59,24
58,34
58
30,71,65,66
58
4,11,38
51
12,53,71,65,4,34,7,38
58,74
33,38,72
13
58,53,66,8
16,38,72
58
38
53
6,18,38
33,38,19
43,75,65,64
74,38
21
15
74
43,17,8
70,31
58,67,65,34
21
58,70,66,54,31,42
58
65,74,13,38
61,32,38
4,38
8,34,77,64
76,56,36,58
38,72
58,7
58
16,38
53,71,37,15
34,38
58
58,70,24
52,74
6
58,54,42,21
37,15
43,38
51
25,63
58
58,52,42
51,37,50
38,72
59
58,59,8
70,31
34,64
52,42
38,72
58,52
10,52,15
13
42,69
17
25
61,4,38
58,66,55
21
74,38
38,72
51,56
38,72
10,42
13,40,41,8,38
38,72
22,38,19

35
51
61,38
53,21
34,38
58,67,65
58,48,42
38,72
52,24,31,28
58
38,19

51
30,71,4,6,28,38
76,58,53
10,52,74,4
58,52,69
66,9
36,58,53,71,65,8
22,38,19
36,58,12,67,71,42,34
25
58,71,45,1
33,38,72
38,72
58,67,34
58,71,65
22,34
58,75
71,55
34
17
61,38
4,33,38,72
70,53

51
38,72
38,19
51,15

16,38
53,71
58,74
13,41
53
38,72
58
58
58,50,69
38,72
58
38
52,15
38,72
58,71
51
51,56,73
38,72
35,53,13
25,63
22,58,38,19
10,52,17
48,49,44
34,38
45
10,34
4,6,34,38
38,72
58
58,65
51
30,53
29
62,36,58
36,52,71
43,53,38
38,72
51
38,72
43,8
10,52
58,45,21
11,38
58,71,65,45,7,21
43,38
70,8
71
53,71,4
65,34,38
38,19
10,56,52,53
48,23
30,36,58,53,65,4,6
39,60,38
58,71,74,38
36,52,15
38,72
71
13
38,72
58
71,65
76,58
38,72
76,58
15

58
11,38

56,36,58,24
51,53
58,26
38,19
10,43,52
21
56,64
51,2,69
38
58
58,41
30,55,15
16,38
74,38
58,54,6,33,55
61,38
11,38
58,12,6,34
36,70
58
43,38
38,72
34,38
43,38
12,65,4,6,34
30
58,1
58
30,71,4
30,71,37
71
36,70,59
36,53
51,41
39,60,38
21
4,38,72
71,65,4
58,70,24
51,64
38,72
58
36,70,42,7
36,23
1
30,6,34,38
58
10,52
51,34,38
8,34,38
58,71,8
13,41
58,28
51
11,38
51
70
39,38
36,58,8
36,58,47
58,65,54,74,42
4,34,38
49,44
11,64,38
3,8
58
10
70,42
38,72
58,35
71,65
54,23
58,1
56,58
58,52,45
46,38
63
70,53,47
11,38
38,72
52,70,6,31
30,52
60,4,11,33,38
11,38
58,74,47
58
22,38,72

6,42,45
51
45,21
24
56
71,74,38
56,58,42
10,4,33,45,38,72
20,32,8,38
10
51
15,1
58
58
53,34
69,45
64
58,45
18,38
38,72
58,33,38,72
38,72
1
34
58
68,42
58,53
65,4,34
44,74
42
18,38
51,1
58
58,71
58,70,31,28
38,72
34,38
51
43,38
10,58,42
58,42

30,71,74,4,38
58
36,58,70,71
38,72
65,4,34,38
58,6
15
58,8
58,66,42
58,71
70,21
39,65,38
71
58
70,66
30,58,53,71,50
56
58,38,72
51,56,52
36,58,48,54,42
56,52,15
43,36,58,20,65,28
10,53,55
58
38,72
58
43,38
58,12,65,6,34
58,54,8
65,34,38
30,58,8
58,71
70,59,31,42
74,38
11,38
56,52,24,50
38,19
38,19
36,58,68
58
1
30,36,71,65,74,24
36,58,13
53,8,64
6,28,23
16,38
51
38,72
58,8
51,58,59
71,4,38
36,54,42,23
10,52
16,18,38
53,15
56,17,54
43,38
36,58,74
53,48,14,69,9
67,6
56,52,53
25
58
55
63
65,38,72
51
53,66
4,16,8,38
70,31
51
71,38
36,70,66,31,13
36,70,47
32,38
32,38
36,58,48,23
4,8,34,38
45
58,42
62,71
38,72
58
43,58,53,71,65,74
58,71,8
43,38
21
71
33,63
67,71,65,34
56,52,53,6
30,26
6
51,33
35
51
75,74,64
11,38
43,58,75
51,48,14
58,71,54
76,44
58,24
36,70,6,31
8,34,38
43,38
38,72
65,4,34,38
38,72
10,42,69,45

67,65,7
52,33,55
42
58
53,45
66,9
53,66,8,9
51,56,52
58
1
51,58
71,15
31
30,57,71,4
51,8
52
58,1
16,41,38
13
58,42
16,38
42,23
58,12,6
51,36
33,13,55
30,58,65,66,54
30,4,34,38
53,65,54
33,38,19,72
58
53,34,7,38
30,34,77
51,58,8,34
9
58,42
3,4,38
6,42,23,21
69,45
58,71,27

58,16,41,38
71,54
74
58,1
56,71
71,66,37,8
53
16,38
51
51,36,35,13
65,54,13,42
58,52
51,64
13
10,6
58,52
36,71
58,53,54,42,9
43,38
30,58,12,7
58
42,23
76,58,13,42
6
66,9
51
38,19
39,41,38
51
6,34,38

58,66
58,34,77
51,14
58,35
4,11,33,38
56,58,49,64
36,58,8,38
76,13
58,52,48,49
11,38
51
74,33,38
56,52,53,15
43,3,74,4,38
36,42,55,41
15,1
58,71
8,34,38
58,12,66,6
38,72
38,19
58,71,17,13
11,38
51,58,52,48
58,71,65,54
38,72
58
58,6,34
58,71
58,55
43,38
15,77
42,23
75,38
56,58,54
38,72
43
10,52
51
74
10,56,52,57,45
10,42
16,38
71
51
51,65,34
43,65,38
71,4,34,38
10,56,58,52,45
58,52,48,21
58
53,71,65,4,38
51
33,38,19
56,52
51
58,67,65,54
51
34
61,38
58,12
52,24,33,15
36,58,34,1
58,28
11,38
32,38
58,71,65,74
51,34,38
51
35
14
54,8,15,34
34,38,72
38
53,34
62,35
71,38
30,66,4,34
68
58,12,65
17
71,13,38
44,74
38,72


43,38
53,1
58,54,42,15,45,21
58,52
38,72
51,58,53,71
74,13,41
38,19
53
58
52,24,15
53,45
30,71
38,72
22,58,34
10,52,15
51
10,52,54,42
58,1
36,58,67
13,28
58
51,58
58
30,71
6,42
16,38
51,8
67
58,71
39,38
38,72
58,44
35,71,74
58,42,34
38,72
37,69
51
51,74,64
36,42
53
51
44,8
56,58,53,54
30,58,55
61,46,74,16,11,33,38,19,72
76,58,33,63
58
51,56,52
58
38,72
51,50
36,4,38,72
71,38
44,13
35,75
51,10
38,72
16,38
43,38
66,4,9
22,16,38
10,56,58,52,45
22,26
58
22,4,34,38
51,33,15
58,54
58
58,52,15
36,58,54,44,42
51,58,69
38,72
35,74,13,41
58,25,63
36,71
58
10,58,52,55

51
10,52,66
37
34,38
61,38
43,58,53,5,38
51
10
37
70,71,74,31
32,38
43,75,53,8
58
67,53,6
58,9
13,34,77,64
38,72
43,65,4
36,53,55
4,34,38
58,53,71,65
58,74,8
51
33,38,19
41,38,19
10,57,45
61,38
31,42,25,72
35
51
58,38,72
38,72
38,72
58,24
58
6,42,23
43,58,33
36,58
58,71
22,38,72
58,53
58,70,66,54,31,42
56,58,42
56,52,53,17
10,12,53,71,65

48,50
39,38
38,72
42
38,19
58,50,15
43,33,63
4,6,55
10,58
58,71
25
58,12,65,7
56,52
16,38
16,18,38
58,57,54,42,23
58,54,74
58,54,41
51
58
38,72
36,58,12,67,71,54,6
56,58
30,53,71,65,37,8,69
70,37,74
58,66,54,6,34

44,14
32,38
58,71
58,71,21
10,58,45,21
58,70
70,48,69
53,21
10,52
33,63,26
58,50
30,58,53,65
58,70,48,54,42
39,38
56,52,45
36,58
3,4,34,38
13,41,45
30,71,65
66,34

33,15
67
51
70,21
69
42,45,23
51,58,64
58,55
63
58,67,71,54
51,2
33,38,19
36,58,34
58
52
51,43,15
20,65,41,8,18,38
36,58,48,21
38,72
53,71
58,71
58,54
56,52,54,45,29
74,38
11,38
51
21

56,58,70,54,24
56,53,15,1
10,42,45
36,35,75,74
36,58,70,65,42
58,71
43,38
15,1
38,72
71
58,55
58,71,54
58,12,34
38
8,15,34
51
53,71,65,8
21
38,72
35,74
30,56,53,34
38,72
47
58,28
36,58,71
30,8,69
65,66,9
30,36,65,26
58,54,13,34

36,58,53,71,28
52,70,24,33
58,71,42
30,36,71,45
58
58
38,72
16,38
22,16,38
43,58
41,38
36,74,13,41
36,3,48,21
10,58,45
36,54,42,23
36,70,66
56,52,53
76,38
4,34,38
71,37,69,15
51
58,24,42
67,53,65,34
10,58
58,67,66,9
38,72
43,58,35
58,70,59,69
10,42
65
71,27
66
36,58,54
10,1
58,74
48,74,38
52,71,37,15
62,36

43,38
10
55,9
66,45
59
76,58,65
51
42
52,42,21
53
58,54,6
51
58,29
36,58,34
43,38
70,71,66,31
13,25,63
30,53,34
51,53,69
24,42
58
51
15
58,1
74,38
42,45
58,52,17
58,52,71
36,58,54,11,13,42,41
51
38,72
24,68
51
38,72
51
11,38
58,67
58
15
38,72
30,43,75,44,13,41,63
58,65,54,42
30,53,71,4
38,72
38,72
54,34
58
51,8
30,35,71,65,8,26
56,58,15
16
58,12,67
51,58
38,72
58,53,65,74
36,58
51,58,31,8
12,53,71
58,67,70
38,72
57,47,38
69,34,1
70,47
53,4,34,38
39,60,38
51
53
70,31
76,36,38
20,38
46,38
53
58,45
38,72
58,54,42
1
25
58
36,70
33,55,8
15
33,38,19
38,72
51,58,52,2,21
36,58,70,24,8
11,38
51,10,70,69
43,58,20,28,42
58,24
66
36,65
58,12,65,66,34,64
58
38,72
33,38,72
58,12,71,66,28,34,7
56,52,15,1
37,21
58,70,55
43,38
58
61,38
56,58,52
53,65,38,72
52,71,24,15
58,71,28
1
51
54,4,34
38,72
74,4,38
13
58
51
58,15,26
56
58,48
71
10,42,73
38,19
38,72
36,71,65,38
36,58,6,28
58,72
51,56,15
33
58,53,65,66,8,7
62

45
58,71
34,38
38,72
53,4,8,34,38

56,54,28
38,72
53
58,2,21
38,19
10,58,54,41
70,31
56,52,24
10,52,12,4,6,34
36,52
65,4,16,38
11,38
74,38
53,1
66,4,34
71
36,71,54,74,42
14,69
62,58,75,8,64
51
58,12,71,34
51,53,50
65,1
58
39,38
30,71,8,7
36,58,70,65,7
33
42,23
65,34
51,1
73,38
43,53,33,38
30,22,58,55,8
33,38,72
53,48,23
10,76,36,65,54,13
52,24,33,55
12,4,34
58,66
58,70
38,72
42
32,38
58,66,54,24
53,65,8,38,72
39,60,38
52,70,24
36
10,76,58
36,58,55
58,48,14
43,65,4
36,23
58,52,73
59,13,64,38
43,58,65
65
56,52,24
51
36,70,59,31,13,42
43,75
56,53,17,64
71,38
58,8,25,63
39,38
58
71,74,38
51,15
42,21
15
58
30,58,71,45
6,42,47,23
52,24

52
51,10
61,38
71,4,38
39,38
70,31
58,71
56,52,24
71,37,6
48,14,50,42,26
15,1
57
58,8
70,57,33
61,58,65,54,38
58
58,70,24,47
38,19
22,26
38,72
51,56,64
74,38
4,34,38
53,71,8
51
58
34,38
53,8,7
58,52,54
51,42
58
58
26
38,72
6,28,34
56,58,52,15
36,58,70,54,31,28,34
38,72
36,58,8,1
43,38
42
51,74
65,11,38
58,65
36,21
51
35,74
42
38,72

58,65,7
13,63
71,37
56,36,58
38,72
36,58,70,14
43
58,12,53,4,6,34
51
70
38,72
56,24
11,13,38
34,38
58,74
52,45
51,58

43,33,38
4,34,38
38,72
10,58,21
43
10,58,42,23
58,6,34
36,58
58,54
65,4,34
30
58,53,44,41,34,38
51,58,48
30,71,65,54
24,31,42
51,74,8
36
51
58,75,53
69
30,43
61,38
58,52,65,34
54
58,70,24,28
58,67,54
51
58
51
51
30,53,4,47
58

52

10,12,67,4
58,71
38,72
10
38
36,58,55
42,23
53,21
58,38,72
66,38
56,36,58,52
36
38,72
58,57
58,21
71,28,38

61,38
51,58,77,38
36,53,71
56,53,15
51,36
58,53,54,42
1
13,41
51
36,70,34
10,69,45
58,29
58,48,42,45
58,13,55
59
58,1
58,45
66,9
30,71,65,69
10,66,45,9
22,38,72
58,69
62,52,53
58,42
30,76,58,65,54,6
36,58,70,74
58
30,58,71,54,6
16,38
10
38,19
69
56,42
56
53
42
30,71
58
58
51,8
38,72
35,37,8
52,71,37
38,72
74
6
58,53,59
53,65,38,72
38,72
39,38
11,38
58,8,9
58
71
10,52,1

71,38
58
34,77,63
56,36
51
38,72
10,58
58
61,38
58,6,34
38,19
6,42
56,58
36,58,70,6,34
3,65,6,34
14
58
51
52,21
51
61,38
38,72
70,57,24
61,38
58,65
36,58,48,54,42,23
11,38
1
18,38
11,38
58
71
53
65,74,38
51,10
16,38
58,41
52,71,24,69
58,66
15
25,26
16,38
22,38,72
6,42,23
35,70,74,69
53,21
56,65
56,52,24
58,13
58,54
1
58,70,66,54,31,42
51
38,72
43,36,58,71,33,13
42
58
58,54,68,42
40,38
70,57,31
12,71,4,38
56,58,12,48,49
51,70
51,33,15
51
58
53,8
51,8
51
43,38
71,65,4
29
6,31
39,38
52
58,52
43,37
30,65,55
4,38
58
36,58,42,45
34,38
36,38
58,52,71
56,52,69
20,38
21
51
58,52,45
1
51,24
71,6
51
51,74,64
30,53,66,42
58,53,66,9
36,70,42
58
74,64
51
58,42,45,21
52,66,9
53,54,13
36,15,25
70
61,20,38
23
56,36,58
56,52,24
51
38,19
74,38
58,67
4,38,72
37,4,34
51,43,35
36,15
42
53,15
25,63
42
54,6,8,34
68
6,34,38
30,52,48,73
36,65,1
22,38,19
58,1
38,72
15
30,28,34
6

53,57,45
13
58,52,59,37,15
71
52,33
52,25
69,15
51,8
51
6,34
43,38
58
58,54,42
74
58,54,24,42
43
70,63
12,67,65,4,34,38
51,38
52,70,33
10,54,42
58,71,37,69
51,8

51,49
34,38
52,24
10,42,23
58,69,45
52,33,55
58,14,13
56,58,54,13
58
38,72
51,56
70,57,31
53
58,21
58
51,71
60,8,38
36,58,55
38
61,38
58,70,66,54,27
38,72
58,1
43
53,38,72
76,58,35
38,72
20,65,16,38,19
56
58,35,8
52
15
34,38
34
38,19
52,33
16,33,38
22,75,65,34,77
56,58
56,53
58
36,58
58
30,58

38
58,70
58,42,21
52,70,57
58,13
8,34,77
58
70,42,23
58,34
74,38
38,72
56,54,42
53
74,8
38,72
58,66
65,74
70,31,28
53,34
38,72
56,15
70,6,31

53
58,35,74
58
10,69
51
10,58
42
70,31,63
74,38
53,15
58,54
58
51
10
38,72
36,58,70
51
52
30,71,65,37
24,38,72
58,35,44
30,70,65,66,4

51,37
74,38

38,72
43,38
53,14,50
58,66,9
69,21
22,15
51,58
62,13,41,38
56,58,52,50
43,53,65
22,16,38
38
56,58,65,54,15
30,66,4,34,38
16,38
35,57,13
53,66,42,9
58,75
58,15
43,56,54
38,72
58,52,48,42,21
54,1
58,54,13
52,71,65,6,7
38,72
38
51,53
34,38
22,58,63,26
42,23
51
58
36,70,42
58
51
62
58
51
56,58,54,42
51,53,71
53,33,55
65,38,72
60,11,38
58,42
10,52,48
58,55
58
51
51
42
58
10
71,65,8
31
10,36,58,15
51,58
34,38
58,71,65
34,38
11,38
36,58,71
58,53
52,24
10,56
58,70,66,54,74,31,42
53,33,55
10,15
15
16,38
36,58,66,31,13,42
51,53
61,38
71,74
38
53
61,9
39,60,38
58,66,24,28
65,74,63
76,65
3,65,34
58
48,42,34
70,31
75,65,34,77
65,34
35
52,70,53,15
13
58
51,37
38,72
58,71,45
71,74
6,73,15
51,43,62
51
42
38,72
58,12,71,8
38,72

58,17
56,52
70,24,42
51
6
58
71,66

48,74
38,72
52,15
15,1
38,72
53,71,37
58
51
38,72
32,38
58
58
58,35
52,53,71,37
38
58,52
38,72
58,48,45,23
71,38
10,56,54,24
16,33,38
65,4,34
69,45
58
58,54
56,58,52,53
66
70,14,8
10,52,70
10,52
58,70,24,42
51
58,6,13,41,34,38
10,58,52,53,6
58,52,24
31,45
70,71,66,13
36,54,42,23,21
38,72
6,34,38
58,24,15
36,70,38
65,66,4,34
30,56,33
51,58,71,8
53,49
65,74,38
10,52,57,68
58,53,6
74,38
58
58,74
36,58,70,65,24
51,10
43,13,38
58,54
45,21
58
15
61,38
58,71,8,34
56,58,70,54,42
38,72
58,23
71,44
42,23
20,40,38
11,38
51
13
43,29
56,53
58,35
58,52,48,42
42
54,42
58
58,34,77
58,24
30,52,71,8
58
59
56,36,15
22,16,38
58,67,54,59,47
41,63,38
16,38
36,74
58,53,71,54
53
58
15
33,38,72
67,66,38
58,66,54,6,8
58,42
51
52,15
74,38
71,66,9
22,38,72
58,54,6
10,42
61,38
36,58,49
36,58,54,42,8,26
38,72
10,42
58,67,34
13,38
53,13,42,69,45,21
21
58,71,42
58,34
10,1
16,38
58,34
42,69,23
36,58,71
51
51,53
32,38
52,45

36,58
51,58,16
58,45
58,45
48,14,50
74,4
70,31
58,12,71
52,45
65,74,13,41
30,71,65,4
15
58,71
56,6,73,15
56,58,52
51,69,64,38
51,58,15
51,36
56,52
42,21
58,54,27
58
16,38
71,74,4,38
38
10,58,53,71,42
36,70,31,42
35
58,54,13,42
51
54,74
57,6,42,23
16,38
58,54,42
53
71,66,38
1
56,52
40,38
58,48,21
38,72
10,57,42,45,21
36,58,16,33,38
51
52,66,6
70,71,42
71,65
10,56,58,42
56,58,17,14

16,18,38
61,38
22,58,48,77
71,74
51,74
16,28,38
70
58,69
51,24
49,17
30,71
58,12,71,65,6,34
56
53,17
51,49
70,26
46,38,72
36,58
53,6
58,34
42
33,32,38
45,34
18,38
15,1
34
43,35
54,42,21
58,71,54
38,72
52,71,66
36,58,65,34
58,54,42,21
43,38
51,64
71,15
36,58,48,54,42,23
51
58,74
53
53
74,38
10,56,73
58,35,75,12,71,65,74,24,13,41,29
58
52

51,37,15
34
58
42
38,72
58,50
30,71,6,28
51,36,70,74,24,38
62,36
10,58,24,42
58,73,8
11,38
58,42

70
10,56,52,53
51
36,6,42,23
33,38,72
51,30,14,24
58,42
51
11,38
51

51,45
58,16,41
38
70,54,21
56,52
58,2
34,38
58,48,71,54,34
76,65,38
58,67,54,38
58,71
58,55
42
42,21
38,72
52
36,58
58,41
38,72
58,12,65,7
24
75,53
38,72
63
56,58
10,58,34
52,24,55
75,34
30,71,28
56,58,52,50
54
51
58,71,65
56,58,50
39,60,38
35,41
30,37
10,56,52,1
58,65,34
44
56,58
58
74,38
71,42,23,7
58
36,58,70
43,15
20,41,38
30,59
38,19
51
53,14,24,1
71,65,74,38
56,58,52,24
74,33,13
58,54
22,38,72
51
30,6,34,38
51
58,75
25
56,58
51,58
1
58
58,54,42,8
56,52
36,31,34
58,45
71,66
35,59
10,1
10,52,33,15
58,52
57,13
10,1
28
51
20,40,38
42
51,6
34,38
20,40,38
36,42
51,53
10,12,1
69,45,34
58,12,71,65
36,14,24,42,8
74,38
56,1
6,34,38
48,24,45
54,42
10,58,52
58,45
71,54
51
33,38
10,37,69
58,54
58,1
36,58,28
10,67,54,42,34
51,53
58,70,31,28
58
16,38
51,53
76,36,64
38,72
36,58,70,42
56,52,49,17
10,69
38,72
58
6,23
34,38
38,72

56,52
43,38
58
58,53,71,33
38,72
16,38
64
58,54,31
33,38,19
16,38
35,13
58,65,66,9
58,1
74,41,38
10,56,52,42
53
36,15,1
58
58,71,38
42
51,15
51
13,45
6,34
58,34
35,75,34,64
34,38
53
74,41
38,19
51
58,70,66,54,31,42
58,21
53,42,23
10,52,24
51,69
38,72
55
36,58
58
69,45
71,8,38
74,38
58,49,17
30,6,13
36,58,65,1
58,48,21
51
56,58
43,38
24,42
51
38,72
48,8,38,72
38,72
10,52,71,42,45
42,23
58
58,54,42
36
58
36,58,6
51,53,71
1
58,53,54
16,38
58,53,55,38
61,38
57,24,6,23
36
51,71
30,58
51,2
51,38
58,52,6
71,74
51,65,54,34
52,74
10,53,66,54,42
58
58,2,21
54
38
43,38
30,58,71,74,15
71
71,38
10
30,53,71
30,58,71
53,8
58
56
53,73
8,38,72
58
74,24,42
36,58,70
33,28,63
74,38
48,65,27
53
62,4,16,45,38
51,43

13,34
52,53
58,59
42,45,21
52,24
24,28
15,1
57,6,42,23
36,48,23
56,53
35,53,13
70,24
61,38
51
16,18,38
51
35,63,26
10,52
10,45
38,72
10,71,54
56,58,52
56,52,17
58,41
36,42,23
58,50
58
58,12,29
76
16,38
20,16,38
54,42
58
10,52
51
38,72
58,54
56,15
51
38,72
51,58,48,69
30,62
51
4,34,38
10,53,45
66,4,38,9
52,66,24
10,52
10,52,54,24,42
56,34
38,72
58,71
11,38
58,65,66
22,58,25,38,72
58,48,54,13,41
58,70,66,54,31,42
51,69
67,53
51
1
52
36,1
58,53,14,74,8
30,66,8
51
36,58,15,1
58,2
58,1
51,35,71,74,64
4,34,1
10,56,53,14,24
58,54
38,72
69
51,56,65,33
71,65,4
52,71
38,72
70,66,69
53
58,42
23
51,56,53,50
36
30,28,55
58,71
10,58,42
10,52
10
67,53,65,4,34
36,54,42
58,15,1

34,77,38
53
8,64
51,43
43,38
10,57,42
10,53
54,15
51,47
58,52
53,14
35,53,26
9
30,43,71,65,37,13
70,74
51,22
36,58
17,24
51
58,71,4
22,36,58
52,53,24
70,71,24
43
21
51
58,66,54
11,33,38
38,72
58,17,13
34,38


51
36,58,54
58,52,71,6,28
70,24
38,72
51
22,4,34,38
58
38,72
15
20,41,8,38
38,72
38,72
51
52,38
54,13,41
67,6
58,52,54,6,42,21
44,34,38
43
10,42
58,52,34
51
46,16,38
53,54
64,38
64
36,58,24
58,71,65,54,1
58,12,34,77,38
43,38
22,58,65,54,24
58
16,38
36,70,71,13,41,64
76,38
58,54,55
56,58,52,24
52,53,45
58,14,50,69,45
51

66
48,14,6,69,21
58
39,38
10,62,58
74,38
54,42,29
36,58
30,71
53
30,71,8
58,66
58,52,45
51,10
52,53,15
58
11,38
58,65
22,38,19
58
70,31
50,1
58
16,38
58,59,9
48,14,50,69
30,34
58,12,71,65
58,71,65
39,60,38
58,71
58,66,8
51,34,64
44,72
30,55
68,42
58
36,13,42
30,58,69,34
71
30,43,71,65,37,13
10,69,45
38
58
58
71,28
58,52
58,24
58,53
71,38
25,63
42,23
71,38
34,38
30,71
71,28
53,21
70,21

58,12,1
71,38
30,36,71,65
53,14
58,34,38
51,56,24,6
76,58
39,38
58,44,34
38
33,38,72
34,38
58,71
43,38
58,71
76,44,13,64
30,58,71
58,1
38,72
42,23,21
65,66,34
51,35
71,38
44,33,28,55
51
30,12,53,71,65
51
35,41,34
53,15
58,42
30,53,71,65,8
38,72
8,15
53,45
34,38
53,71,74
16,33,38
58,48,27,42
45,23
58,57
52,57,6,34
58
58,70,24
18,38
15
58,52,24
17,73
28,34,38
44
51
42
58
51,56,58
53,48
58,48
48,44
28,34,38
43,38
52,71
58
58,70,66,54,31,42
30,58,15
51,43
25
6,34,23
43,38
38
56,52
58,70,33
12,53,65
56,58,52
51
71,15
58,33,55,15
30
65,54
58,38,72
30,58,71,4
53,38
16,38
43,53,15
1
52,54,42
43,38
70
58,71
58
74,28,38
65,29
61,38
58
58,54,15
56,58
51
65,16,38
70,31
56,58
13,41
38,72

36,58
10,58,54,42
58,54
21
51
44
52,33,15,77
51,53,37
58,54,8,45
56,58
51
38
55
71,38
43,41,38
58,20,53,65,38
56,58,49
58
44,41,34,77,38
58
51
58,42

43,54
7
30,65,37,34
42,21
36,41,64
10,45,1
21
15
56,58,24
36,13,41,32,38
58,54,6
58,59
58,12,15
51
56,58,53
11,38
36,58,54
58,70,31
58
31
58
58
42,23
6,34,38
51,10,43,56,35,75,48,17,44,74,13,64
42,21
58,52,15
43,38
71
53,65,4,34,38
53,21
38,72
42

70,31
52,15
61,38
52,67,74,15
51,58,54
22,38,72
36,65,66
15
51
38,72
30,6
52
44,13
58,12,65,66
58,45
51,58
58
58,48,26
42,15,7
42,23
51
58
56,58
36,58,70
56,58,54
53,66,8
36,58,8
38,72
11,38
58,52,71,37
30,71,28,38
11,38
36,58
10,30,58,71,54,42
36,58,48,54
51
58,38,72
58,42
58
58
58,77
56,58
36,15,34,26

58
46,38
10,52
36,58
22,58,38,72
58,54,25
51
54,23
58
51,8
51,58
56,36,58,24
58,71
10,52
58,48,49,41
64,25
12,4,34
58,53,69
6,34
55
56,58
38
8,25
59
58
36,58,67
74,64,38
53
51
33,38,72
58,33
11,38
30,58,52,71
58,71,65,74
42
58,74
42,45
56,17
30,53,57,49
15
14,45
33,38
53
42
51,53
58,42
10,52,55
25
58,71
42,23
58
53,44
40,41,38
38,72
58,34,63
30,52,65
56,36,58
51,64
58,65,66
23
51,43,65
56,36,13,28,45
52,24
51
52,53,17,54
56,58
58,12
10
43,35,54,25,63
53,71,74
71,28
52,24
12,71,65
58,71,54
44
58

42
34,38
71
58,53
16,38
52,48
30
55
58,53,23,21
58,65,15
36,15
15
30,53,71,65
51,53,71,65,38
58,66
10,22,52,57,6
58,12,65,6
58,65
10,52
30,58,28
10,52,53,42
30,58,71,28
58,54,44,34
58,71,54,42
51,37,64
38,72
38,72
15
51
53
58
30,54,34,77
30,52,71
51
58,1
51,24
58
21
58,42,69,1
38,72
10
58,71
6,23
64,9
53,15
38,19
58
52,53,71
58,12,71,1
56,58,52
58,13
70,69
51
58,71
51,58
43,38
58,65,38,72
38,72
15,1
13,1
56,58,63
10,56,52
53,71,65,9
58,71
16,38
30,33,55,64
65
39,60,38
71,38
53,71,65,54
11,38
51
38,72
57,24,23,21
33
25
16,38
58,12,53,38
38
9
56,36,58,54
65,34
58,71,65,54,45
30,71,38
11,38
36,58,52,54,42
61,38
51,10,52,53,71
34,77,38
56,58
58
43

6,34
58,15
51,53,50,8,64
38
58,66
58,53,1
56
51,50

56,70,47
57,6,42,23
58,55
38,72
43,66,42
58,67
70,31,26
51,77
51
58,57
20,40,38
58,71,6,28
58,54,42
42,21
43,56
58
42,23
56,58
56,54

43,38
58,53,65
38,72
58,44
52
59,13,41
58
10,1
58,53
13
65,66,28
64
58
38,72
58
58,34,77
58,12,6,34
66,4
21
33
12,1
11,38
10,36
34,38
22,38,72
58,71,6,28
58,24,50
52,57,55
10,52,55
70,24
53,37,42,45
51,70,24
38,19
57,68,42,23
58,54,41
58
58,71,28
58,44
10,58,13,42,45
10,58,15,45
63
66
58,21
38
12,77,63
51
36,59,63
30,66,28
58
71,15
70,74,21
51,70,14
58,6

12,53,71,65,4,34,38
38,19
67,54
36,70
58,52,24
51
71
23
52,24
51
51,43
76
10,52,24,28,42,45
67,6
16,38

38,72
58
38,72
25
70,59,13,42
58,71,54
6
71,65,74
51
34,77,64
36,44,69
58,59
51,69
10,42
51

22,63
56,42
58,71,45
51,30,53,66,37,4,9
36,54
58
38,72
10
51,65
58
51
58
38,72
56,58,52
71,38

22,63
58
30,52,53,37,33,55
51
51
51
10,45
38,19
16,38
36,58
71,65
61,38
58,71,74
30,53,8
28,34,38
36,58,24,31
38,72
30
56,58,52
70,31
10,1
23
30,71,65
71
58,66,42,9
22,4,63,26
52,53,33
53
58
53,28,45
30,34
10,56,52
10,70,42
58,7
46,38
51,70,24
70,24,6,31
65,38
10,53
53,15,1
52,57,34
71
38
51,70
58,65,54
53,74,24
38
16,38,19
34,38
61,38
23
58
36,58,6
58
39,11,38
58
56,58
56,65,42,55,45
44
58
51
58,12,71,6,7
51
56,58
51,36,70
23
51
58,73
58,71
42,45
42
10,52
10,52,42,45
58,65
56,17
70,57,31
56,52,53,14
58,65,66

58,12
51
10,52,33
56,53
27
53,33,55,38
58,42,15
52,53
53
41,34,38
22,38,19
56,58
43,58,75,48,8
58,34
38,72
34,38
66,4
58,71,42
74,38
58,54,42
58,50
65,33
58
51,38
38
36,58,52,70,54,42
58
66,28,69
36,58,70,24,31,28
51
52,45
56,58,48,49
58
58,15
53,65,6,34
51,74
52,24
51,70
34,1
42,21
61,38
58,12,6,7
35
58
70,71,66,54,31,42
51,69
53
43,38
38,72
43,75
44,13,41,34,64,63,38
48,64
42,23
58
58,24,50

42,21
10
56
42
38
6,50
30,71,65
21
53,65,9
30,71,65,28
38,72
55,8
38,72
56,36,58,65,54
30,71,6
58
53,37,69
53
71,74,64
51,10,37,69
58,45,21
12,53,54,6
71,65
43
10,56,52,48,4
61,38
57,23
70,6,31
32,38
36,54,42
1
10,52
75,49
58,1
76,65
58
52
38,72
68,23
74,38
51
33,38
45,21
58
58,54,7
58,1
23
71,15
53,66,9
56,53
58,14,24
39,60,38
51,10,69
71,38
51,58,47
51
11,38
58,74,33
66,15
58

58
25
53,8,38,72
43,52,37
30,71,8
58,68
58
52,53
53,42,15

53,45,21
58,71,34
30,15
53,65,54,1,7
10,30
11,38
61,38
71,65
58,14
51,56,52
10,56,52,54,73
42,23
58
55
58,59
71,28,15
61,20,32,38
16,38
36,13
30,52,71,6,28,64,38
44,14
51,58,26
30,65
30,58,71
30,58,71,65,74
58
58
32,38

74,38
30,71,65,37
67,65
58
41
58,52,24
10
11
54,8,15,34,77
61,38
58
38,72
70,57,16,33
30,58
15
51,30
54,38,72

58,71,38
38,72
51,52
36,58,71,13
58,6
71,65
10,52,53
10
30,15
58,71,50

51,69,7
38,72
51,56,1
59
70,6,31
61,38
43,38
51,43
58,52
54,15
56,58
36
58,15
41,34,38
51,69,64
22,38,19
56,58,54,24
58,65,66,74,9
76,58,71,65,66,25,9
42,29,23
58,12,67,71,65
15
51
38,72
44
51
58
28
58,34
36,58,14,42
56,58,52,71
51,58,14
10,56,52,53
46,38
53
58
6,23
58,71,38
74,38
58,34
56,58
52,53,34
36,13
53
53,34,77
56,53,15,1
51
34,77
15,34
21
74,38
58
17
38
53
51
18,38
20,53,65,38
6,42,23
53,21
34,77
71,65,66,74,8
61,38
58,71,37
38
56,15,1
52,53,71,24,15
10,68
58,48,69
61,20,38
58
20,41,64,38
30,52,71,54,37
56,36
76,6
41
30,58,53,28
67,70
57,13
58
58,12,53,71,65,37,4,6
10
56,52,53
53,25
36,58,65,73
58,9
56,52,42
10,58,42
51,62,41,29
61,38
58,12
58,12,38,72
51
61,38
30,58,67,71
51,24
43,58
33,38,72
30,58,55
21
51
58,52,54,33,55
63,38
58,24
58,71,54
10,52,71,24,28
52
71
10,42,15,34
6,18,38

58,12
53,65
56,36
13
43,38
58,41
61,38
20,38
58
58
10,36,58,67,13,42
51,58
62,41
75,13,41,34,38
65,74
51,64
65,59
51,30,36,58,71,13
10,52,69
61,38
34,38
32,38
38,72
51,53
38,72
10,52,42
58,52
58
42
51
58,48
10
11,38
71,28,38
58,12,55
56,52,71
30,58,71
10,52
65,55

35,45
56,52
58
10,58
70,14,24,6,68,42,1,23,21
10,52
44,24
58,65,34
45
58,54,42
36,70,54
52
58,52,53
58,42
58,44
76,53
58,48,28
10
51
58,65,66,54,6
52,66,28
65,34
61,38
58
54
13
34,38
6,31,34
58,67
30,71,28,38
53,15
58
30,53,71,65,37
58
58
53
58,48,6
10,52,54

56,52
24,42
10,52

56,58,54,27
58,50
58,50
51
71,15,34
58,54
53,33,15
42,23
52
51,62
58,52,71
66,4,9
53,48,24,69,45,26,21
58,9
34,38
58
58,48,42,69,21
21
53,45
71
56,36,58
58
56,58,52
58,54
71
51,15
34,38
26
58,66,54,9
43
58
51
58,12,6
42,23
67
58,27,42
65,1
58,65,66
58
58,15
10,36,75,71,73
35
51
39,60,38
51,58
38
51
58,66,27
56,8
53
58,54
22,63,26
53
36,58
53
58,71
36,52
51
16,38
58,74
36,70,53,54,37,24,13,34
56,52,15
52,70
58,54,27
30,53,34,77
56,36,58,70,15
58,23,21
58,33
45
34,64
70,6,31
58,45
58
56,52,57,45
43,75,74,38
58,13
52,57,6,42,23
52,45
51,58,48
61,20,38
51
52,48
41
34,38
53,15
36,65,16,33
51,24
58,65,54,42,55,45,34,9
58,54
53,38,72
58,12,6,34
76,58,35
10,15,45,1
58,59
30,74
51,34
14
51,15
48,23
58,54
1
35
53,6,23


65,34
43,38
70,33
74,38
10,53
57,71,6,28,42,23
58,31
30,53,71,54
38,72
6
38,72
71,6,38
34
53,15
51
58,71
34,38
70,31
37
58,53,66,9
51,52
11,38
43,58,41
43,52,24
56,52,15
30,47
30,76
20,41
51
38
52
58,52,6
58
6
71
58
36
53

58,26
55
56,58,52
56,64
4,34,38
43,71,65
58,6,9
58
10,52
33,15,63
71,15
6
13
10,12,71
67,65,37
65,34,38
58,52,48,24,21
38
58
51,30,65,59
52,70,57,71

53,38,72
70,31
52,54
53,6,34
54
30,28,55
23,21
51,74,38
43,65
51,10,37,15
16,38
36,70,47
66
38,19
58,54
36,58,70,34,47
52,71,37,6,28
42,45
58,48,15

51,56,52,4,8
30,56,6,42
56,58
58,15
15,25
53
52,48,37,24
10,58,24,42,23,21

38,72
58,12,6
65,4,34,38
10,58,52,37,15
65,74,38
56,73
30,36,58
30,16,6,28,47
74,38
68,42,23
58
58
22,52,45
58,65,74
52,24,6,28
38,72
36,1
43,54,29
10,52
10,4,55,34
30,36,53,71,65,13,34
51,53
58,24,42,21
56,52,53,48,14

56,15
6,47,63
58,53
35
58,1
10,56,58,24
10,52
56,67,53,65,6,15
51
58,47
58
56,52,24
58,21
10,22,52
51
30,65,66
51
58,54,6,42
52
38,72
36,58
58,48,24,23
30,58,53,71
52,42
51
51,58
51
76,58,54
30,36,58,71,65,13
51,52,53,24
34,38
52,71,24,28
10,65,42
10,58,52,54,45
56,58,42
51
35,75
62
10,52,33,55
58,42
58,54,41
71,38
56,53
58
76
30,58,12,71,26
10,52
69,45
42
51,58
56,58
44,34
51,52,14
61,38
58,1
58,52,7
58,66
42
58,66,54,9
10,52,54,42,23
51
51,56
51
10,57,42
53
28,34,38

42
51
51,48
18,38
66,23
36,58
51
36,58,70,42
52,53,33,55

74
56,52,15
51
41
58,50
71,4,13
30,71,54,69
56,53
58,65,34
58
58,53,54,8
13
71,74
58,45
51,74
58,54,59,31,42
51,43
52,53,54,24,28
38,72
57,6,42,23
38,72
53
38
58,12,6
42,23
10,52,57
58,53,71,8
10,36,58,53,24,42,8
10,52,6
58,23
52,6,15
10,56
58
58,65,38,72
58,14
36,70,54,69,45,34,47
22,72
6,42,34,23
38,72
53,1
70,48,24,42,45,23,21
58,7
58
65,34
52,42,21
48,6,26,23
36,58
30,71,65
56,58,24
36,58,70,8
30,53,71,65,74,24,13
58,45
34
58,48,54,42,23,21
56,36,58,52,42
25,63
54
58,70,74
58,45
58,66,9
58
56,52,15
58
38,72
43,75,74,13,41,7
31
61,38
61,38
58,42,21
36,71,65
30,56
36,58,53,14,42,15,25,63
23
56,58,48,49
58,38,72
53
58,50
38,72
42
58
58,50
70,42
42
53,1
38,72
51,53
26
42,23
30,55,34,77
58,42

10,55
58,31,42
58,6
53
58,6
43,36,58,20,65,28
58,63
51,58
58,33
51,53,37
57,6,42,23
58
58,15
65,38
13,63,26
42,23
58
58,5,33,38,72
52,15
30,36,58
51
53
51,45,21
66
51,53
56,17
38,72
71,65,4,38
75
10,58,50,42,23
30,34
58
25
34,38
58,52,14
58,71,54,8
51,30,43,56,52,53,37
58,35,65,74,13
53,21
52,42
65,1
58
56,65,54,4,34,38
6,42,23
30,65,42
58,26
10,56,52,70,24
34,63
30,76
34,38
25
58
65,66,54,34
48,44,13,26
56,58,54,13
61,38
38,72
20,40,38
30
51,53,73
22,38,72
58
10,58,53,48,42
58,12,1
51,29,38
67,65,54
8
52,24,63
58,53,71,65
26
51,24
52,54
58,42,15,45,23
56,36
53

58,71,74
42,29,21
1
58,52,65
1
30,52,6
70,4,16,38
25,26
21
58,1
13
52,66,28
36,70,42
52,24,42
16,38
16,33,38
51
16,38

13,41,34
51,58
71,6,55
10
30,71
70,31
68,13
6,34
58
73
62
10,52,53,69
34,38
1
51,71
10,56,52,69
51
6,34
30
75,74,13,29,38
58,55
51
42
51,8
58,54
36,58,66,6

47
58
58
30,15
56,52,24
30,58,53,71,65,54
76,58,53,65,7
42
22,12,4,6,34,38
52
58
53,45
52,6,15
51
56,58,52,50
30,52,57,71
36,53
56,52
52,53,42
58,68
58,48,63
30,75
53,71,65
51,14
45
64
52,53
36,58,59
71,54
71,38
42
51,53,48
10,56,52,53
47
56,36
58
1
6,13,34
10
56,52,53
4,6
10
38,72
58
58,52
58
30,15
41,38
58,12,34
10,42
22,4,8,34,38
52,53,24
58,12,71,65
56,52,53,15
38,72
58


51,58,7
44,38
43
51,58
58,17,74
53,41
58,42
46,16,38,19,72
11,38
51,10
36,58,70,31,34

54,42,21
42,23,21
6,42,23
56,52,73
51,43,53,15
52,67,53,6,15
51,15
42,23
28,34
15
36,58,54,34
58,42
34
4,34
59
36,52,24
56,58,48,49
58,42,45,23
10,52,14,50
58
58,52,53,6,11,33,55
58,12,6
10,52,42,45
58,12,65
44,6
38,72
33,38,72
6,23
67,54
35,41
10,58,71,54
56,58,73
10,56,52,57,54
36,13
10
10,56
58,54,41
58,42,73
51
58,33
58,71
52,53,15
52
58
10,23

53
58,52
10,58
30,71,65
56,58
30,53,65,6,33,28,15,47
53,45
30,58,52,71,6,7

65,66,4,34
10,52,24,42,45
22,38,19
58,54,41
58
30,6,45,34
10,52,54

58,54,42,21
38
53,1
30,43,36,13,55,47
35,48,49,44,41
22,16,6,38
69,23
53
44,34
71,38
15,1
68,42,23
36,58,66,54
52,71,7
53
58,38
31,47
30,15,26
58
30,71,65
6
58
58,54
36,58,13,41
43,38
38,72
6,13,34
56,52,53,15
58,54,42
51,56,52
52
56,52,53
58
36,58
36,58,52,28
69,45
43
10,52,37
58,69
70,71,74,69
10,56,52,33
58
38
58
6,13
53
10,42
58,66
33,63
53,21
53,15,1
25
30,56,48,49
55
6,31
53,26
33,63
42,23
58,55
1
58,8
10,56,52
53,6,34
58,71,1

23
56,53,13,42
58,52
51,53,69,45
10,42
36,53,42
16,33,38,19,72
36,21
71,74
74
51
38,72
15
24

6,13,34
16,38
36,58,74
34
52,24
52,48,24,6
38,72
51,50
71,6
56,52,54
76,3,65
58,57,24,6,42,23,21
30,36,33,13,55
38,72
58,12,65,1
58,52,67,71,6
58,65,54,74,42
58,59
42
10,52
65,6,34
52,17,54,42
10

67
56,52,70
58,12,67,65,54,7
70
53,13,1
51
56,58,52
58,48,49,41
58,71,65
10,52
71,28
56,52,53,15,25
36,58
51,13
56,52,53
34,38
10,52,42
71,74,4,38
30,71,65
52,53,17,54,24,42
13,7
61,38
71,24
38
58
10,52,24

58,42
76,58,42
34
1
51,10,74
58,52,6
58,71
70,42,23
58,75
30,71
43,52,24
51
69,45
73,21
42,23
71
58
67,13
34
65,54,29
36,58,70,13
53,6,23
52,6,42,23
57,69,7
50
58,71,42
65,15,21
10,52
6,15
70,71,24,42
36,58
74
30,56
58,54,24,31,34
58,42,21
30,71
58
73
67,13
30,58,53,71,65,74
65,6,34
22,38,72
70,6,68,21
51
36,70,31,26
63,26
10,21
58
9
36,58,21
56,53,73
71,38
10,52
56,36,58,65
10,56,52
36,58,24
23
8,34,38
30,71,65
21
52,55,45
38,72
41,38,72
52,70,57
51
49,44
73
52,23,21
57,42,1,23
6,23
43,58,52,67
76,52,15,25
54,44
38,72
51,34
55
10,1
58,71
38,72
37,15
57,6,42,23
15
10,52
66
30,53,74
22,63,26
58
52,6,13
58,50
58,42,21
24,42,23
58,53,54
63
58,67,42
54
70,53,31
61,58,38
53,6,34
58,12
53
54,44
58
52
30,71,65,6
56,52,14,15
58
58
70,42
30,67,71
30,52,53,55
51
58
51,58
29,23
36,58,48,72
54,59
58,27
52,15
13,1
58,54
65
65,59
51
42,23
58,65,16,13,45,38
42,23
38
42,29
10,52
43,75,41,38
42
51
36,58
10
56,52
56,36,54,63
30,33
51
52,71
58,54
53,71,38
54,42,21
58,1
52
58
36,58,31,13,42
58,21
42,23,21
58,55
51,52,71
21
58
36
69
52
13
52
42
21
36,71,28
62,71,13
42,23
53,54
51,58,42
58,12,70,6
58
13
58,42
58,48,77
42,21
58,65,38,72
58
58,21
71
6,13
53,71,65
58,53
65,6,34
10,56,52,53
53,42
58,15
42
34,38
30,58,71,54
13
52,53,6,15
48,6,7
58,65,66,6,9
30,52,53,33,55
22
58,71,54
58,6,31
34,38
58,34,38
42,23
6,23
70
58,67,65
58,71,8,45
61,43,74,16,11,38,72
38,72
70,31
58
22,58,5,44,64
10,58,52,70,69
30,65,4,55
13

58
53,65,54,33
76,58
58,71
58,52
58,12,6,34
58
30,33,55,63
58,21
30,52,6,34
52,70
24,15
51,58,66,27
58,45
4,16,38
70,48
43,36

58,54,42
56,58,52,17
10,58,53
53,42
10,65,4
30,58,53,71
10,35
51,74,15
58,65
34,38
74
13
25
76,15
51,37
69
36,58
58
51,37,69
42,23
52,57
16,38
53,65,33,55
42,23
42,23
49,23
51
10,58,52
10,53,42
58,54,42
58,53,54
58
8,34
53,48,42,45,21
39,58
58
62,71
10,53
53,1
24,28
51
58,12,71,65,6
13
52,7
53
51
58,70,31
16,38
56,58,53
43,35
56,58,48,49
58
30,43
10
56,58,70
51
56,52,24
34
56,13,15,1
53
58,49,17
10,52,48,69
53
10
52,71
52,48,49,73
52,53,15,26
71,34
13
58,55
16,38
58,21
56,52,67,48,6,29
56,58,17
13
58,69,34,77,64
58,54,42

13

74,38
71,65,38
53
70,54,41
51,70,6
58
10,65,38
63
66
58,69,23,21
22,15
30,58
51
58,21
58
41
30,66,6,28
51
52,24
58,66,54
11,38
42
51,53
36,53
51,69
53
38,72
58,1


30,71
42
43,36,75
36,58,48,24,23
53
53,6,9
33,38,72
58,50
58,54
34,38
58,53
56,58,52,54
58,71
67,23
52,24
6,28
13
12,71,38
10,56,52,53
56,52,69
10,24,69
51
71,38
71,65,64
58,65,15,34
30,71,65
52,42,23
57
63
53
58
52,15
51,36,58
42
42
58,12,6
52,28
71,6,28,42,23
51,43,48,29
16,38
58
58,54
58,54,41
30,52,65,6
58,54,15
51,58,71,54
58,54,24,41,47
51,52
45
30,58,71,65,66
13
42,23
51,52,70,57,24,68,45
30,66
52,15
52,6,13
10,58,54,42
45
10

52,71,37,24
58,70,24,31
58
30,58,71
10,52,21
56,58,52,48,71,54,14,50
58,52,14,15
53,50
71,28
51,28
74
6,33,55
58,25
76,58,35
57,6
58,59
33,55
65,37,15,7
51,52,15
10
58
42,69,21
10,57,54
51,10
33,55
52,6,13
58,16,38
43
58,12,53,71
52,66
67,6,13
51,58,74
53,65,47
56,52,15
30,58
58,54
52,54,1
30,71
36,58,52,54
65,4,6
52,73

58,71,65
30
56,58
51

58,53
52
43
58,74,13
36,52,53,54,28,42
52,53,7
76,56,53,48
6,23
58,42,21
48,34
58
43,52,70,48,24
10,52,57
58,12,65,34
43
30,56,52,24
66
58,70
76,56,58
58,66
41
58,74
6,13,34
58
38,72
53
52,15

58,53,1
58
56,58
52,24
58,54

51
43,58,65

52,71,6,28
56,36,15
21
56,24,26,23
52,48,24,28
58,42
70,6,33,55
51
13
10,56,52
30,58,71
10,56,58,52
53,13
42,69,23
70,41,47
10,52,28
13,1
36,52,70,31
28
33
38,72
58,42
74,64
36,70,54
36,70,57,54,42
58,21
21
54,6
52,6,42,23
58,12,65,66,34,77
36,26
56,58,12,53,71,7
52,48,14,63
54,42
58
53,1
13,1
42,23
71
58,24
57,6,42,23
58,71,28
58
38,72
52,6,13
56
58,21
51,70
30,66
56,52
58,12,71,28
54,42,21
58
58
12,53,66
52,53,6
21
13,1
52,42,23
2,74,41,34
52,54
35
67,54,47
58,52
33,55,63
52,75,48
30,52
10,58,52,28
25
10,56,58,52,54
42,23
34,77,38
58,45
10,52
30,71
58,52,65
10,52,53,42
54
56,58,52
35,49
56,52,53
52,66
11,38
58,12,54,6
51,69
36,74,29
13,64,38
58,13
33,38,72
30,15
53
52,53,6,26
43,75,48,13
58,53,48,63
6,13
53,71,65,74,4
30,54,24,42
70,34
51
30,53,71,65,37,8
13
6,34
42,23,21
36,54,59
10,56,52
30,71,6
58,12,34
10,52
22,53,26
71,54
58
58,53,71,1
58,12,65,34
70
53
51
22,58
48,6,42,23
13
65,66,4,38
56
12,71,4,15
58
51
42,23
58,66
49,44
52,65,6,34
58,65,54,13,42
58,24
51,24
52,57,15
54,13
58
62,52,24,28
58,52
58,54
51
30
16,38,72
58,15,1
52,48
58,12,65,34
74,6
52,53,42
53
53,66,9
36,70
7
51,55
51,30,53,71,65,6
51
53,66,9
30,71,54,42,69,34
58,52,54,42
51,70,21
58,53,21
56
51,37,24

6
58,70,31
53,34
52,70,31
6,42,23
36,58,54,31
38,72
10
1
52,6,34
52,66,28
52
42
12,53,6,34
53
51
30,71,7
48,49,6,23,7
66,55
53
58
10,42
52
58,42
71,74,15,63
58,12,71,6

10,56,52,6
43,33,38
10,65,4,34
51,53
58
56,52,42,45
4,34,38
13
70,55,69
58,45
16,38
10,52,53,57,66,24,69

42
53,6,34,64,38
58,70,66,54,31,42

30,58,71
58,12,65
56,58
39,60,38
38,72
30,58,71,7
34,38
57,6,42,23
58
58,28
52,70,38
10,42,45
42
58,52,70,48,17,24
36,58
52,31
52,48,14
58,54
70,66,42
13
30,34
10,53,69
67,70,24,31
67,74
23
58,65,54
30,67,55
56,58
41
10,42,7
41
6,23
58,25
13
58,38
36,13
38
58,45,34
58,24
52,17
52
52,70,71,6,28
48,42,29,23
65,15
30,71,6
52,53,71,15
30,62,63
56,52,6
56,58,65
71,54
57,13
38,72
62,16,38
52,37,15
53,4,6,34
34,38
51,52,69
42
30,71
30,54,42
70,48,49,26,23
51
10,42
10,52
51,24,42,69
52,6
58,54,24
43,53
51,12,54,4
58,71
67
58,45
28,34,38,72

23
52,53,48
58,24,6,42,23
52,15,7
34

62,36,16,13,38
56,58,65,54,73,8
58,54,24
52,6
75
30,48
58,71,42
51,70
42
61,38
30,71,74
42,23
58,69,21
51
11,38
34,38
34,38
54,42
24,6,69
6
52
70,42,23
10,52
30,71,65,74,6
58,25,63
36,58,42,45,47
53,15,25
58,70,54,42,41
58,9
34,38
36
58,65
30,55
58
58
22,53
71,34,38
38,72
30,71,65,74,33
53,6,42,23
58,53,38,72
58,12,72
58
51
65,54,24
38
24,68,42,23
13,41
51
71
51,53
52
51,53
58
52,6
71,64
70,42
30,57,6
52,48,49
13
51
13
58,1
10,52

58
58,52,71,6,28
58,34
7
58,50,15,45
52
52
38,72
58,12,71,65,74
51,66
58,55

10,52
24,6,23
42
56,58,52,53,71
58,71

42,23
73
65,42,9
56,58,42,8
10,56,52,34
58
21
42
58
10

30,71,66,8,34
56,58,17,54,6
58,45,21
10,56,52
56,52,15
51
67,53,65
58,42,45,21
38,72
58,65,66,28,8
58,71,54
43,38
71,74
58
58
52,42,23
23
58,12,71,34
10
53
58,71
52,24,28
51,63
51,58,48
58
58
53
64,63
56,6,42,1,23
58
22,4,16,38
71,38
43,48,71
58
58,12,54,6,47
58
30,71
13
1
52,6
58
58
10,52,15
58,53,55
69
36,58,13,42,47
56,52
42
10
56,58,52,45
70,48,6,23,7
22,16,38
51
1
30,43,66
67,6
52,6,42,23
76,13
48,23,21
23
53,54
71,74
33,38,72
10,45,1
58,50
65,15,34
10,58,42,45
55
51,69,23
51,70
52,6,13
56,36
56,52,48,17,15
10,42
76,58
76,58,65,45
43,75,65,29,64
1,23
65,66,9
10,69
6
52,53
30,58,65,37,34
15,34
70,57,16,33,38
6,28,38,9
35,75
58
59,47
58,12,66
42,69,23,21

51,10,52

71,24,23
52,15
58,54,24,42
1
71,6
58
52,71,15
70
53,1
51,53
42,23
53
52,57,71,6,28,42,23
58
10,12,65,4,34
51
53,42,23
58,1
54
58,12,73
56,52,48
23
48,14
71
55
23
54
42,23
10,52
70,6
58,12,16
58
15,34
70,48,50,69
51,30,58,12
58,54,24,42,29
58,54,42
51


10,53,65,6
10,56,52,53
58,50
58,52,6
51,34
53
56,65,54
58,54
58,52
10,52,57,7
58,65,1
6,69,23
41
43,74,38
57,6
15
66,6
6,13,34
58,74
53,42
52,6,33,69
71,54,28
58,71,6
10,58,42,45,1
52,24,6
51,69
56,58
59,15
24,42
8,15
11,47,64,38
10,52,54,42,21
16,38
10,52,48,50
48,26,23
42,23
56,52,15
10,56,58,52,45,1
58,71
58,70
57,13
58,45
6,55
30,58,65,4,6,7
10,56,52
58,63
58,54,6,34
53,1
56,6,73,15,34
58,6
52,6
27
48,42,23
56,52,53,24
66
10,12
50
52,53,15
10,42
40,38
54,6,23
13

36,57,42
70,33,38
6,42,23
52,53,6,15,34

58,21
28,34,38
58,12,67,34
53,65,74
74,13
56,52,53,6,69
70,42,69,23
52,53,28,1
52,13
13
53,45
51,6
65,33
53,41
56,36,58,52,54,42
58,47
58,71,28
6
13
30,65,66,74
23
53
54,24,6,42
6,34

22,16,38
16,38
54
34
52
70,24,31,28
16,38,72
51
58,12
36,58,24
58,53,71
53,15
56,52,53,15
38,72
71
52,71,6,28,23
30,52,65,6,34
58,54,24,42,69,23,21
11,38
10,36,58,52,45
52,28
56,58,52
6
36,58,23
58,54,74
30,15
58,54,41
51,15
54,42,23
69,7
58,6
30,52,53
53,13,34,47,64
52,6,13
10,52,7
42
65,66,9
74

52,71,6,13,7
58,12,34
58,6,28
10,56,52
56,58,52,28
58,53,42
58,52
70,66
27,42,23

53,26
71,28
58,53,34
58,54
6,34
61,38
13

66,6,23

10,56,52,57
58,50
71,6,13,28
54,29,38
6
42,23
6,34
10,56,52
51,2,7
58,12,6,34
58,57
53
58
30,52,66,37
71,54
38
6,23
58
58,42
68,42
30
36,58,24
53
13
66
53
53
58,24,50
36,52,70,53,24
51
10,6,34
58,65,74,64
38
67,65,54,55,34
58,53
67,65,6
24,34
23,21
58,66
58,52
34
51,58,52,6
56,52
52,48,24,21
10,52,1
51,52
58,54,50,42,21
23,21
10,56,52,27
58,6,34
36,58
57,54,6,42,23
42
58,42,23
30,53
56,58,54,13

6,23
6,13,34
56,52,57,45
66,6,23
52,15,1
53,21
6,34,47
52,15
58,54,42
71,15
6
10,52
42,23
6,13,34
58,21
36,58,70,28
44,13,63
58,34
58,12,71,65
13,29
58,54,34
58
58,71,28
10,56,52,33
66
52,71,37,69,15
52,54,42
30
10

58
58
6,42
53,74,42,69
10,54,42,23
42,23
56,52
51
58,41


58,54,42,9
16,38
1
52,48,63
30,57,71,65,6,55
71
52,53,6
53,42
58,48
22,26
51
10,52,53,71,65,6
56,36
58
71,54
51,56,52
58,71,65,34
66,4,15,9
10,52,66
58,70,24,31
36,58,66,13
22,58
58,53
51,52,53
29
48,41
42
51,10
51,43,53
16,41
24
13
22,52,65,34,7
53
30,71,65,4
52,12,53
65,66
10,56,52,15
55
58,12,65
30,58,71,65
30,52
52,71
58,42
30
58
58,6,34
58
22,58,65,38,19
52,48,15,26
57,6,42,23
42,23,21
36,3,58,70,53,48,54,24,13,42,8
52
58,70
10,12,71
41,34
10,57,45,1

66,6,9
58,13
6,34,23
58,54,45
58,50
67,65,34,7
76
53,28,55
58,12,65,6,34
10,52
52,77,23
31
30,52,71,4
70,42
58
36,70,13,42
56,52
6
65,66,6
58,71,54
13
10,42,23
51,52,63
6
26
56,52,49
52,6,13
52,53,42
30,52,53,71
58
57,13
45,34
42,23
6,42
56,58,52,48,49
58
13
58,71
54,23
51
6,13,34
53,1

51,6
58,54,24
6,13,42,41,23
30,53,71,6,28
53
54,68,42
71,66,29
10,52,6,55
58,53,71,65
13
6,23
52,48,14,68,23,21
66,15
42,23
35,71
48,14,50
42,69
58,42
10,52,34
52,7
10,52,71,28,1
53,65,6,34,38
58,12,71
13
36,58
53,42
56,52,53,48
58
10,58,7
56,53,42

38
48,14,6,42,23
6,34
30,71,28
58,54,34
58,52,54
53,66,54,42
58,67,6,50
52,42
10,56,52,57
17
52,21
41
10,53,14,42,23
58,45,21
30,53,6,34
58
58,52
10,56,52
58,12,14,34
6,21
36,58,33,55
10,52,7
51
53,71,6,28
70,57,33
30,52
52,42
52,67,53,6,68,1,26
34
71,28
10,56,52,57,6
10,76,56,52
58,52,71,6,28
53,14
51,56,15
53,42
10,56
53,1
58,42
58,41
53,45
10,52
42,21
76,58,7
70,6,31
10,43,36,52
58
58,54,21
58,52,48,6,28,45
73,15
42,23
66,24,6,13
43,38
30,43,70
23
33
56,52,28,15
10,58,52,34
51
30,53,71,28
30,6,41

10,52
58,35,12,7
6,42,23
10,52,42
36,42

67,54
6,13,34
30,56,52,6
58
58
42
30,71,6,28
54
42,21
52
30
53,42
58,52,50
10,37
70,42
42,21
56,58,52,67,48,49,24,6,28,73
58,14,50
53,13
51
10,52
76,22,58,71,66,54,24,6,33,28,42,73,34,77
57,24,45
70,21
58,42,23
10,52,24,15
52,70,6
51,67
51,56,52
58,48,29
52

10,52,42
52
50
10,52,42
52,67,53,6,28,15
52,17
52,15
52,70,33,38
10,56,52,45
56,52,53
10,56,52
42,23
56,36,58,52,67,28,1
58,52,70,24
10,52,27
13
52,53,15
52
53
58,52
6,50,42
52,15
56,52,53,6,15
51,52
