41,35,24,39,19,30,47
41,50,34,24
18,31,26,24,13
9,51,47
18,29,26,24
18,7,47
33,31,35,7,24,45,13,49,47
34,19
36,40
26,19,36,51
34,24,36,47
51
34,24,47,40
18,29,31,26,24
34,35,14,26,7,24,45,8,36,47
41,50,34,24
41,18,29,34,24,12,13
26,7,45,20,8,47
50,9
18,26,7,45,17,36,51,47
29,35,26,24,45,20,25,8,47
51
33,35,26,45,13,49,36,47,40
41,24,46,47
33,34,35,26,45,47
40
24,9
45,9,13
35,26,8,49,28,47,48
19,40
14,39
35,14,24,8,47
14,24,39,36
50,12,45,25,9,19,36,40
34,14,24,39
34,24,19,13,47
24,51,40
34,26,39,19,47,40
40
41,29,35,26,24,49,30,47,48
35,26,39,47
24,9,19
41,22,26,38,45,30,51,47,48
36,28
18,34,7,45,36,47,40
24,13,51,47
14,26,13,51,47,40
19,37,40
18,50,45,19,51
18,29,50,34,24,12,13
43,26,44,21,36,40
34,14,24
33,26,17,13,47
29,35,26,24,20,8,47
40
34,14,24
35,49
18,24,19,36
40
29,34,24,19
41,35,24,39,19,30,47
33,18,34,14,24,13,42,47,40
34,44,19,36
41,26,7,24,45,20,47
18,26,40
20
7,36,47
41,18,29,31,26,24
12,20,13,47,48
18,29,50,24,17,13,47
26,7,45,47
41,18,29,34,24
26,19,40
41,34,24,40
34,35,14,17,47
45,44,19,36,40
27,19,40
34,47
34,19,36
31,26,24,38,45
34,14,17,37
18,26,24,45,47
41,50,34,25,9,36
31,26,39
34,24,9,19
41,18,29,26,24,8,37,47
31,38,23,51
24,20,37,47
26,7,45,25
50,25,9,36
26,12,36
50,24,21
24,40
34,19
35,24,47
50,36
18,26,24,13,47,40
50,26,17,9,36
41,18,39,9
26,7,13,47
34,24,19
19,40
34,24,9,19
43
16,24,20,4
35,26,45,47
34,24,37,47
35,14
18,31,26,7,24,45,23
18,31,26,39,23
24,9,19
26,7,24,47
34,14,24,39,40
33,18,29,50,13,51
18,19,40
50,24,40
18,29,42
31,26,7,45,47
26,36
33,29,35,24,13
18,29,50,45,13,47
18,29,50,34,26
50,21,19
7,44
35,24,32
26,19,40
41,34,14,26,19,49,30,40
34,24,19,51
7,5,20,8,46,13
18,36
18,34,26,40
45,19,40
31,26,24,39,47
20,13,48
34,26,24,37
20,13,49,48
14,17,39,21
34,14,7,24,45,11,13,30,47
29
24,39,46
43,36,40
18,31,24
50,9,42,36
18,29,42
50,19,36
26,19
24,17
18,50,26,24,13
50,9
35,26,7,8,49
20,39,46,47
26,45,47
18,24,19,36
18,29,26,47
33,24,13,36,40
24,39,13,47
26,7,47
24,19
33,26,47
13,49,48
12,20,39,46
29,35,26,8,47
41,26,7,24,45,30,47
26,24
35,26,7,45,47
18,24,13
18,34,19
50,26,38,45,21,46,23,28,47
41,29,26,25,47
12,20,32,21
24,17
34,40
29,34,26,17,47
41,26,7,45,25,3,36,47
7,36
34,24,19,13
26,7,45,44,19,36
24,38,17,36,47
18,34,39
41,26,7,45
18,34,26,17,21
18,29,50,24,20,47
24,42,36
24,51
18,29,24,19,30
34,19,13,36,51
34,24,8,19
18,34,14,24,19
41,18,50,7,19,36
41,27,51,40
41,29,35,26,24,49,47,48
41,13,36,40
34,19
18,50,25,42
24,19,51
5,10
35,26,24,39,8,47
8,47,48
18,34,14,24,39
34,24,39,9,19
20,49
41,26,7,12,45,46
40
41,34,26,24,25,9,19
26,19,40
41,34,26,7,24,45,46
18,34,14,26,24
24,39,46,23
31,26,7,24,45,47
34,19
29,26,24,45,20,25,8,47
45,36,30
7,5,45,25,9
18,50,48,40
44,19,36
26,7,47
29,24,46,13,47
33,19,13,40
35,24,47
29,31,26,20,47
41,35,7,45,25,19,47
50,27,24
34,24
27,26,7,19,36,28
41,35,24,39,19,47
36
18,50
41,35,26,7,25,23,47
26,7,45,20,8,47
35,14,26,24,8
35,24,12,19
7
35,26,24,39,21,19,47
41,29,26,47
26,24,45,9,30
18,29,26,47
34,24,13,47
26,40
18,51
26,7,45
34,28,40
50,34,45,40
18,29,31,26,24
34,14,24
50,24
18,40
41,7,45,36
24,51
6,12,20
29,22,31,26,24,46,13
18,50,27,45,36,30,40
18,29,34,14,24,12,36
29,35,26,47
41,35,26,24,45,17,47
50,34,24,9,19
31,26,24,38,45
29,34,26,25,37,30,47
34,9,19,42
24,19,13,51
33,24,12,45,37,47
18,26,47
50,16,26,7,24,30,47
35,26,7,45,8,47
50,34,24,12,21,19
14
18,31,26,24,39,47
7,24,45,9
29,50,24,12,17,13,47
26,39,8,49,47
50,36
41,35,26,7,45,47
35,24,21,47
34,35,14
18,29,50,26
34,19
8,48
27,47
33,41,18,29,13,51
34,24,44,19,36
34,19,13,51,47
41,24,21,46,23,13
24,19
14,24
26,24,19,47,40
18,26,36,40
41,24,40
24,19,51
26,24,23,47,48
35,25,39,47
18,34,24,13,36
26,21,46,19,40
34,14,39
45
24,20,44,36
18,26,24,45
33,7,45,13
35,24,20,17,19,47
18,26,40
35,26,8,47
33,26,47
50,34,42,47
6,13,1,49,48
18,24,37,47
18,29,45
34,24,19,13
26,24,47
29,31,35,26,24,45,47
18,34,24,40
20,17,48
18,29,14,45,47
50,34,24,21,19
41,35,26,24,39,47
31,24,23,47
18,29,14,24,47
29,46,23
14,24,9
18,31,26,24
34,24,9,19
34,24,40
12,17,37,47
7
35,24
41,26,7,24,37,47
7,36
26,7,20,39,46,47
7
50,9,42
34,24,51
29,34,26,17,21
14,26,47
41,26,45,36
6,12,20
34,27,24,19,23,30
18,51,47
31,38,23,51
18,26,36,30
8,47,48
39,28
18,45,39,36,40
26,20,39,46,47
50,26,3,19,30
26,38
24,19,30
34,23
19,36,30
18,26,7,45,47
47,40
24,47
41,35,26,24,45,47
14,24,37
16,26,3
18,36
35,26,45,20,17,8,49,47
50,9,36
34,13,36,47
26,7,24,47
41,7,9,40
26,7,24,47
35,26,7,45,36
29,26,24
18,31,26,39,47
18,29,50,34,24,12,13
7,24,45,21
50,24,51,48
29,24,12,46,13,47
24,20,39,47
24,19,36
41,18,43,7,24,36
35,26,7,45,8,47
7,47
34,24,19,36
14,26
41,26,7,45
34,14,24,51
34,24,9
50,21,19
13,36
45,36
33,21,36,40
18,26,24,37,47
26,24,13
33,50,24,19,40
41,50,27,26,28
24,47
41,35,24,39,19,30,47
24,17
18,24
18,26
18,45,19
34,26,45,13,47
31,26,20,39,51,47
41,24,21,46,23
24,19
7
35,26,7,45,8
24,39,46
24,19,40
26,7,17,21,3,23
34,14,24
41,7,24,45,13,37
34,9,42
24,17,39,13
24
18,43,45,9
43,9
25,21,13
7,24,36
35,26,24,21,47
50,26,38,10,46,23
39,19,28,47
50,19
18,24,37,47
50,34,24,19,40
26,45
35,14
50
26,40
26,38,45,23
18,7,24,20,44,36,47
18,26,25,39,42,40
41,50,34
17,13,37,47
18,14,28,47,40
18,26,19,30,47
50,34,45,9,36,47
40
50,24,12,20,4
18,34,27,24,36
41,26,38,45,23
50,26,7,25,19,30
7,19
34,21,19
35,26,45,47
18,29,26,23,51
26,20,17,21,47
40
41,24,19
18,39,9,13,47
20,25
18,34,24,9
34,19
34,14,24
41,25,19,36,40
7,12,20
26,7,24,47
41,29,26,20,17,51,47
18,36
34,14,24
18,7,24,45,19
34,19
34,14,24
34,14,24
41,18,39,47
18,34
34,24,19,40
14,21
34,35,24,19
18,43,36
18,29,31,26,47
31,13
18,24,45,19
18,50,27,36
35,26,7,45,8,47
18,29,17,13
38,46,23
41,29,45
34,20,19,36
26,24,45,20,3,47
34,14,24
33,18,25,39,13
29,26,47,48
43,36
18,34,40
24
29,34,24,45,36,47,40
18,51,40
18,14
18,14,7,45,47
18,19,47,40
34,14,24
41,26,38,45,23
27,19
41
32,19,37
50,24,17
18,34,27,45,36
19,36
31,26,24,45,47
18,24,36
24,17,19
24,39,11,13,47
43,34,24,40
18,26
35,14
18,29,31,26,24,46
33,35,26,24,47
18,24,47
20
41,26,24,38,45,20,28
14,26,47
27,26,25,39,3
14,24,19,36,47
50,19
18,50,26,47
45,9,36
41,18,43,7,36
18,24,37,47
50,7,19
18,50,47
31,26,39
18,50,34,14,24,20,39
26,10
7,47
18,29,47
34,36,51
16,26,17
34,35,14,17
31
24
50,19
7,20,17,21,3,23
34,35,14,24,51,47
14,26,19,40
34,24,12,19
18,24,19
18,26,24
41,35,7,24,45,25,19,47
50,27,25,19
18,50,24,20,39,47
35,14,47
31,34,23
7,24,45,17
7,45
24,13
45
26
5
26,24,45
24,45,17
34,21,19,40
26,7,45,20,8,3,47
19,36
18,24,37,47
41,26,45,20,47
41,50,45,51,40
24,44,19,36
29,19,47
35,26,7,45,8,47
29,31,26,20,47
34,24,19
50,16,27,26,40
35,26,44
20,8,48
24,19
41,35,26,24,45,20,47
18,36
18,50
20,17,8,47
34,26,24,30
43,24,45
41,26,7,45
34,39,9,19
16
50,27,30
35,14,26,8,47
18,26,36,47,40
41,26,7,45,25,21,47
31,26,7,24,45,47
26,21
14,24,19
18,29,34,45,19,47
50,45,19,36,40
24,40
50,36,47
17
41,35,26,19,47
29,25,47
26,19,40
26,7,17,51,47
24
18,26,45,47
21,13
24,13
35,26,45,8
34,24,13,47
34,26,12,45
31,26,38,23
24,20,17,47
16,24,4
19
43,7,45
27,26,25,39,3
24,44,36
34,24,12,19,36
41,26,38,46
5,10
18,50,34,24
50,27
16,21
24,19,37
35,14,24,17,47
34,14,26
5
50,24
25,21,3
24,40
41,18,29
18,50,44,36
18,29,31,26,51,47
24,4
50,26,13
24,25,36
18,36
26,38
16,3
20,17,8,47,48
29,34,26,8
31,26,24,39,46,13
41,18,25,39,19
31,26,39,23
35,12
41,18,36
16,24
18,31,24,20
34,24,47
14,24,9
34,26
18,29,31,26,47
35,26,24,19,47
18,29,26,51,47
34,24,19
24,11,13,47
18,19,42,36
29,24,23
16,24,4
6,34,8
34
36
26,7,38,45,47
14,19
18,24,13
26,45,21,23
26,10
33,43,24,45,19,13
32,13
29,35,26,25,21,3,47
26,20,17,47
26,44,19
18,45,9,19
41,31,26,38
18,31,24
26,24,12,45,9,30
34,36
26
26,38
26,19,13
29,35,26,3,47
34,24,19,13
24,19
34,26,24,30
7,44
50,26,24,25,39,23,47
19
18,50,34
14
18,26,24,37
34,14,26
41,18,29,50,26,24,47
41,18,50,34,7,24,12,13,36,47,48,40
41,18,34,45,36
26,20,8,47
34,24,40
41,29,26,25
20,40
18,19,36
33,41,18,29,13,51
16,24
41,29
18,16,24,47
24
25,9
14,26
27,23,42,51,40
18,34,19
36
41,7,24,45,46,36,47
14,24
21
18,47
33,19,13,40
34,35,26,45,39,47
34,44,21,19,40
43,50,34,26,24,19,36
18,50,45
27,26,12,45,25,39,40
34,24,45,39
18,34,24
18
23,40
41,18,34,14,24,47
18,45
26,17,3,46,19
34,19,47
16,10
24,19,48
33,17,23,13
34,19
24,47
33,18,29,34,20,46,13
18,36
26,45,20,47
20,4
18,29,26,20
34,24,39,9
24,44,40
41
34,24,19,51
34,35,14,47,40
18,26,20,30,48
18,34,48
31,26,39,47
26,12,21,30
34,14,24
24,17,9,36
24,13,4
41,29,26,46
50,19,47
35,26,7,45,47
12,17,21
50,19,40
33,24,13,36,40
6,20,47,48
14,24,47
26
24,47
18,24,13
36,47,40
31,15,35,26,24,30,47
26,24,45,9,30
18,51,40
41,45,21,36,47
24,44,36
24,19
25,19
50
41,18,50,27,26,45,17,30,47,40
50,9,42,36
19,36
18,47
46,48
18,50,24
29,50,31,13,48
18,29,19,28
45,36
44,19
34,14,24
41,34,26,24
34,26,47,40
29,34,45,9

35,14,26,24,47
9
34,24
26,47
36
18,29,45
33,24,21,19
30
25,39,23,30
32
33,34,39,13
50,24,47
34,35,7,24
24,17
41,34,26,7,47
33,35,7,12,45,20,17,13
29,50
50,25,9,40
24,45
26,38,23
26,45,8,46,47
18,34,45,44,19
35,26,13
35,26,7,45,21,3,36
33,26,13,47
18,31,26,25,39
18,29,26,20
26,7,47
50
24,20,9,37
36
18,50,27

17,13,47
26,7,12,3,9
28
7,38,45,20,47
26,8,47
34,26,24,21,19,23
18,25,39,36,40
12,47
26,23
34,24,47
21,13
18,26,24,45,20
33,26,7,20
43,24,36
31,17,3,47
33,13,30,51
44
24,45,23
15,26,38
29,26,38
32
34,14,24
24,19
34,14,24
24,12,19,13
18,21,36
16,17,19
22
34,14,24
17,37,47
26,37,40
35,25,49
24,47
7,8,51,40
9,42,36
26,39
50,9,42
20,17,8,47
34,19
29,19,30
34,26,19,40
31,26,24,45
29,26,46,23,47
33,45,11,8,13,47
41,18,40
45
40
24,13
9
29,26,24,47
26,24,3,19,37
18,50,24,46,13,51,47
27,24,19
31,26,24,17,11,47
19,40
19
24,48
36,40
18,29,31,26,51,47
34,26,24
9
7,45
34,26
18,24,40
18,24,37,51,40
24,19
18,24,13

33,14,24
18,34,24,47
29,26,24,13,30,47,48
34,19,40
41,24,40
18,34,24,9,37
24,42
33,43,2,25,9
26,38,47
34,24,12
20,39,47
18,34,19
24,45,36
35,24,19
41,7,24,45,46,36,47
19,40
18,29,34,19
50,19
26,46
35,24
34,14,26,24,19,37
41,18,29,50,37,51,47,40
18,29,24
29,50,47
14
18,24,20
18,51,47
18,36
18,24,37,47
18,31,26,24,39,47
18,36
41,35,26,7,45,25,47
7
14,26,47
41,24,47
26,21,28,47,40

18,31,34,24,19,23,48
18,45,40
18,50,13
34,14,24
21
29,24,10,23,13
41,26,45,20,51,47
34,19
34,26,40
33,24,39,13
26,45,8,47
18,34,26,46
6,12,20
26,39,46,23
18,7,9,19,42,36

41,34,26,24
18,24
24,45,25
43,36
41,18
7,24
34,24,23
7,24,38,20,36,47
4
7
34,14,24
26,45
18,29,26,20,23
20,44
18,29,50,26,38,45,13,37,30,48
24,20,17,37,47
24
29,26
26,24,25,13
34,19,48,40
26,38
13,51,40
34,17,19
24,9
29,26,20
39,19,28,47
2,25,9
18,29,50,26,51
35,26,7,45,8,47
16,24,17,47
7,25
35,14,26
18,50,34,14,24,20,39
41,18,34,26,19
29,31,24,28,47
14,24,46,47
33,17,23,13
31
41,26,45,30,51,47
33,26,38
26,24,45,20,3,47
24,19
26,3,47
29,19,40
41,12
32
19,36
25,30

18,26,19,30,47
35,14,45,36,47
34,23
40
29,35,26,39,8,49,47
14
18,29,13
31,39
24
36
24
33,17,23,13
41,18,26,7,47
26,7,45
40
41,29,46
39,9,36
24
18,50,27,39,9
7
18,21,46,13
31,26,39
27,36,30
18,36
26,38,23,51
35,26,7,12,45,32,21
33,17,23,13
26,7,45,47
18,50
18,29,34,19
24,3
34,24,44,19,36,30
20,17,8,47,48
18,29,26
41,26,7,12,21,47
20,39,46
7
41,19,36
18,29,24,23
26,24,9,30
4
41,31,35,26,24,47
19
24,25,19,13
34,21,19
45,25,40
29,24,10,19
18,34,13,30
10,48
14,17
18,7,24,45,20,17,51,47
50,12,39,36
18,19,47,40
26,21
41,29,19,40
41,14,26
50,9,42,40
41,18,39,47
50,16,46
36
24,17
26,21,19
34,12,44,19
50,9,42
24,17,8,13
34,14,24
18,36
16,3
14,26
43,26,24,19,36
26,38,8,47
18,23,47

19,30
50,2,9
50,14,24,40
24,12,20,17,37
25
29,10,20,46
5
50,25
18,43
29,22,31,26,24,46,13
31,26,39,46,13
18,50,19
19,36
34,24,19,30

18,29
24,37
19,13
20
24,17
26,8,3,47
26,23
18,29,45
41,46,23
18,39,36
50,34,48
26,17,9,36
5
41,35,7,45,47
18,43,7,45,9
34
50,21
18,29,26
34,13,36,51
25,39,9
26,21,47
18,24,51,40
9
18,34,26,24,23
31,7,24,28,30,47
29,13,48
41,18,29,35,26,45,47
24
20
24,20,4
50,16,47
16
26,13,48
26,24,45,21,13
18,26,19,40
29,26
50,34,24,39,19
26,38,23
31,39
41,18,34,36
24,44,19,36
20,44,9,36

47
34,24,9,42
11,19,13
17,13,48
18,19
29,26,24,20,47
24,12,19
35,26,24,39,47
16,24,17,37,47
43,50,24,36
18,39
31,26,39
43,45,36
24,12,17
6,24,49
50,25,9
18,34,39,19,47,40
26,46,23
50,34,24,40
24,19,37
31,26,39
34,19
18,14,24
9,42
14,24,47
34,24,47
26,38,23
45,39,36
44,36
29,50,9,40
24,19
50,27
50,24,12,19,13,30
41,18,29,25
32,19
23
6,12,20
35,14
50,26,23,40
18,24
45,17,11,36,47
34,36,47,40
26,23
26,24,37
18,3,36
50,19,36,40
16,26,24
29,26,20
35,26,45,37,47
45,17
24,20,47
2,25
41,40
50,24
18,29,31
26,21,11,8,36,47
18,50,26
18,43,24,36
27,9,42
26,10,25,39,46,47
50,25,9,19
26,38
18,50,24,19
34,45,40
24,12
33,25,9,13,47
33,17,23,13
26,45
34,14,24,44,37,47
34,19,42,30
34,24,9,19,51,47
26,7,45
24,25,3
20,4
24
34,24,45,20,47
35,24,12,19
24,49,48
26,44
16,24,47
50,20,4
24,42
43,7,45
20,4
50,27,26,17,42
26,20
26,51,47
34,14,24,17,47
41,24,19
50,9,42,36
34,19
41,26,7,25,21,47
19,40
18,50
47
34,24,39,28
34,25,9,36
44
29,26
35,26,47
29,26,20
26,51,47
35,14,26,24,8,47
37,51,40
34,24,12,19
24
3,19,13
26,24,3
18,26
24
41,25,19
24,4
41,29,31,24
18,43,24,36
34,14,24
12,17,3
24,39,19
10
26,25,9,40
41,36,51
43,50,19,36
18,24,20
41,29,31,24
24,45,9,19
20,8,47
34,26,9,36,47
33,18,26
19,4
35,26,7,47
18,24,9,23,37,36,40
18,29,24,45,36,30,40
24,39,13,47
26,44
50,26
12
18,36
26,38
41,29,15,26,46,23
34,24,12,13
33,41,18,51,47,40
20,39,3
24,20
18,47,48
33,29,34,24,45,39,19,36
50,34,24
26,45,47
41,31,7,24,47
34,26,44
14,24,20,39,11,19
35,26,38,8
41,34,14,24,19,37
26,45,21
41,24,46
50,19,13
26,40
26,7,47
45,19,36
44,36
34,26,39,8,47
41,31,15,35,26
34
26,7,24,25,47
14,26,44
26,19,40
34,21,19
19
26,47
41,35,26,45,20,51,47
34,14,24
24,47
31,45
24,44,36
34,24,13
34,36
24,19
26,24,21,19
24,12,13
25,39,9,19,47
41,34,19
26,21,47
26,9,30
45,19
19,30
50,24,19
18,36
16
41,24,12,30,47
7,47
44
34,24,9,19
27,40
35,36
26,38,23
18,24,19
36
26,24,13
26,19,40
40
33,17,23,13
14,24,37
38
18,34,24,45
23,13
34,24,19,30
24,45,39,9
38,23

18,26,39,40
24
26,24,45,9,30
50,27
27,25,47
24,36,4
7
26,24
41,35,26,24,25,39,21,19,47
34,24,19,37,47
20,17,8,47,48
18,50,36
29,23,47
41,26,19
19
35,14,45,47
35
50,20,4
50,7,24,45
26,38,23
18,36
24,37
35,24,12
7,45,9,36,47
4
24
34,44,39,19
26,45,8

50,26,23,40
50,24,17,37
26,38,46
7
24,49,37
24,12,17
41,29,31,24
29,35,26,24,28
24
15,26,38
41
43,7
16
34,24,12
44
24,19,30

20
50,21,19
34,23
33,26,24,39,21,19,47,40
43,44,32,36
33,38,45,13,47
18,50,34,24,20,47,40
34,14,24
50,34,26,17,21
18,31,26,13
26,9
29,17,13,47
20,39,46,47
26,45,20,3,47
26,38,23
27,12,13,30,51,47,40
19,13
41,34,36
50
39,9
41,31,15,26,39
26,45,3
29,34,26,17,21,8,9
46,40
34,36
24,36
45,39,9,36
50,9,42,36
7,24,20,13
8
50
50,30
26,7,24,45,20
15,26,38
41,18,29
35,26,19
35
29,22
41,50,25,9,19
50,34,24,19
8,47,48
9
50,12,10,17,47
24,19,4
34,3,23
13
31,26,39
9,36
34,19,40
44
34,45,36
50,16,24
26,10,44
50
24,19
50,24,17,37,47
26,24,12,30
7,9
18,26,24,39
50,19,40
18,24,45,47
18,50,36
38,45
33,41,16,26,7,10,17,21,47
41,18,50,34,14,26,7,24,36,47,40
41,35,26,45,47
33,41,29,35,39,47
3
44
14
18
4
18,45,36
26,7,24,44
50,27
33,14,24,46,40
24,47
35,26,45,8,47
33,39,13
26
32
45,36
35,14,24
18
18,14,24
18,9,46,23,36
24
26,45,36,51
36
34,14,24
41,45,13
19,13,40
7,45,25
18,50,9
39,49,30,47
25,39,13,30
10,48
38,13
26,38,45
24,9
18,9
45,23
18,14,45
18,22,26,19
41,29,31,24
18,29,20
24,45,47
19
35,26,45,8,49,47
29,31,26,23
41,18,24,39
24,9,36
50,9,42
29,31,26,23
34,26,19
13
20,8,3,47
41,34,24
35,26,13,47
6,12,20
24,20,19,37
18,24
50
26,19
41,7,45,47
27,24
50,34,24
41,31,39
33,38,46
21,3
26,7,3

24,45,25
41,29,31,24
18,43,24
36
50
35
26,7,47
19,36
29,26
35,44,21,36
32
36
41,18,45
29,26
50,9,42,36
50,36
26,23
50,24,19
41,26
26,45,25,39,8,47
24,8,47
34,14,24
35,49
18,27,42,36
26,24,49
50
16,21
24
33,17,13,37
24,36
12
9,42
20,46
26
38,39,13
32
26,13
50,34,19
26,39,47
27,19
24,13
13,48
26,7,45,20,17,47
50,9
31
14
41,45,19,36
18,34,23,47
24,20,9
26,19,36
18,24,20
18,34,24,19
26,7,24,45,47
13
26,51,47
26,45,39,23,47
18,24,19
35,14,26,49,47
24,19
6,20
26,38
41,45,25,39
27,26,36
18,39
50
16,27,24,19
38,46,23
44,32
20
38
26,38,23
18,29
24,45
26,38,45,46,47
41,26,38,13
16,20
31,24,39
38,23
50,19
14,21
50,45,19,36,40
34,21,19
41,35,47
36
50,24
26,36
16,13
27,26,42
15,26,39,46,23
39,30,48
26
26,38,23
18,29,26,20
35,26,47
18,29,16,26,24,20,47
18,36
26,40
32
24,19
22
29,48
18,31,20,46
39,19,40
41,26,7,45,47
26,8,3,47
41,26,45
24,45,39
35,20
38
18,29,31,26
18,29,26,20,25,30
31
35,26,20
35,26,7,24,51,47
6,34,8,49
26,21
18,24
50
18,29,45,46
14
20,32,48
14,24,23
20,8,47
50
34,7,19
41,26,38,45
24,9,36
47
50,34,20,19
21,19
24,9,36
24,17,13,37,47
24,39
18,20
41,29,26
12,17,21
24,19
41,26,24,39,19,47
41,27,24,9,42,47
44
34,9,13,42
29,47
26
34,39,9

39,19,28,47
15,26,38,23
50,34,24,21,13
22
41,26,45
36
12,20,32,21
41,26,47
29,31,26,46
19,30
34,26,24,21,19,13,47
14,24,37
26,19,23
50,34
29,50,34,26,24,19,13,30
13
45,23
18,34
50,9,42
16,27,23,42
26
26,21,19

34,14,24
18,42
39
14,24
24,20,47
50,9,42,36
31,34,26
28
19
50,20,4
24,19
26,38
24,20,17,46,19,30,47
41,31,26,39
34,14,26,24,19,37
24,39
41,29,23
41,36,28,40
41,18,31,35,47
36,28,40
29,26
34,25,19
18,50
14,26,7,24,45,47
41,18,34,24
26,38,23
7
18,29,26,46
24,13
44,32
14,26,47
27,7,45,19
26,19
41,18,24,47
26,38,23
35,26,3
26,45,47
45
35,26,25
29,26,36
24,19
34,44
41,18,29,34,24
7
4
26,38,23
34,24,42
4
41,34,26,25,9,23
34,19,28
24
50
18,29,26,46
26,7,24,17,13,47
50,34,36,47
34,14,24,19,37
20,8,47,48
24,19,30
26,21,37
35
9
45,36,47,40
13
50,9,42
27,24
34,20,19,13
18,36
35
18,34,24,12,19
26,21,9,36
4
26,19
41,26,45

50,19,48,40
50,34,24
24,17,13
43,34,37,47
18,34,24,19
24,12,46
26,5
7
35,26,32,49
34,19

18,29,45,40
34,19,51,47
38
9,42,36
9,36
41,18
13,51,40
24
48
18,7,19
26,40
26,19
35,47
26,38,45
34,4
26,24
33,13
36
18,23,47
26,7,45,20,8,47
3
41,7,46,47
26,39,46
26
26,7
18,34,24,12
43,45
24,45,47
50,24,13
18,7,45,39,37,47
50,4
34,14,47
18,29,24,19
18,26,39,13,47
18,43,29,50,27,26,7,38,45,25,17,39,9,19,42,37,36,51
29,26
18,43,7
44

18,34,24,47
12

34,4
41,34,26,24,12,45,39,28,30,47
18,36
24,19
26,39,46
25,40
50,19,42,30
50,34,24,20,4
29,24,37
18,24,36
14,24,19,37
24,13
18,29,14,45,36
25
35,20,48
24,9,19
24,45,21
50,27,19,28,30,51
41,45
16,13
50,30
26,7,45,20,47
25,40
38
18,39,19
46,47
34,36,47,40
29,30
18,16,35,26,45,17,21,11,19,13,36
39,36
33,26,13
26,21
50,14,24,25,9,36
26,38
26,38,23
26,24,21,47
26,38
34,26,12,32,13
26,17,47
15,26,38
24,13
24,19
26,23,47
14,26,30
41,18,24,45
18,29,26,47
50
35,45,8,47
3,23
19,51,47,40
26,44,32,36
41,26,46
24,47
41,34,19
18,34,27,24
7,45,11,42,36
41,24,46
16,24
9
43,24,44,36
31,39
43,34,13,36,40
24,32
34,24,19,51
29,24
24,19
26,30,47
33,23,13
4
29,31,26,23
18,45,46,47,40
21,36
44,36
10,32

44
41,25,39,19
13
18,50,24,20,47
29,24,45
19,4
18,43,27,9,51,40
26,21,3
26,24,38
34,13,36
34,44,25,36
34,19,13
34,24
26
24,44,36
26,24,12,9,30
26,23
26,24,19
26,45,20,8,47
18,26
50,19,13
24,12,19
34
40
26,38,45,23
26,38,23
24,45,44,32,36
34,14,24
2,25,9
24
26,45,47
34,14,24
31,24
6,20,44,36
26,3
34,24,44,19,36
31
34,14,24
18,36
18
38,23
24,20,19
41,25,9,36,47
34,19,47
41,26,21,51,47
34,24,19
41,29,26,25,19,47
14
41,26,45
26,38
14,24,20,21,19
24,12,19,37,4
16,24,47
9,36
16,26,40
41,26,19,30
24,49,37
16,24,37
24,5,9
41,29,35,45,20,25,19,30,48
26,45,8,23,47
34
18,13,42
45
34,7,45,9,19
35,12,46,48
20
24,39,40
34,14,24
50,25,36
34,24,25,39,19
26,24,47
12,3
29,26
34,24
26,38
21,19
10,13,48
36
29,26,20
18,26,39
34,26,9,36
24,19
21
24,13
24,37
34,24,19,37
41,50,45,51,40
38
18,50,24,19
26,38
45,36,40
41,18,45,25,19,36,47
14,24,12,47
16,26,3
35,26,12
24
34,24,39
24,37
26,38,45
44,36
41,50,34,24
26,24,11,46,47
35,26,45,8,47
27,24,19,47
26,38,23

23,13
26,38,23
12,10,3
24,36
18,24,36,47
24,11,13,47
24
7,38,47
26,24,13
19,36
41,43,45,19,36
34,35,14,20
33,2,25,9
18,19,30
24
34,26,24,20,4
18,50,34,40
31,24,39,23
17
18,36
50,9,42,36
9,36
38
26,3
33,27,19,13
9,36
14,26
26,38
41,35,26,39,47
15,26,38,23
50,34,19,40
26,3,19
44,36
35,24,47

26,20,36
18,24,45,13,36
24,12,17
7,45,47
50,12
35,26
29,26
26,38
35,13,47
16,3
36,40
50,34,40
33,26,13,47
29,21
14
24
21
41,36
40
18,39,36
38

38
26
31,15,38
41,35,24,20
34,24,30
5
13,37,48
26,24
26,21
21,3
41,18,29,45,36
35,26,45,8
39,9
18,25,19
18,50,40
35,26,21,47,40
18,24,9,13,36
30
38
50,9,42,36
14,26,45,3
34,14,24
38
26,10
18,24
26,38,23
26,38,23
18,24,36
26,21
7,46
18,43,24,45,13
27,26,42
26,38,23
35,24,39
26,21
34,3,47
36,48
24,19
45,20,48
24,30
16
15,38
45

24,13,37,47
26,38
26,8
18,34,26,39,9
47
33,26,38,23
33,37
26,45,46
10
24,47
33,24,46,13,40
20,8,47,48
41,18,50,47
26,3
24
49
14
26,38,23
32
34,26,19
33,26,7,45,19,47
50
41,26,8,47
41,18,24
35,45
29,26
21,19,36
31,26,38
38
38,46
38
18,36
24
18,26,7,45
36
18,29,31,26
30,48
26,24,20
34,19,36
45,36
50,40
26,38
34,24,19
35
41,24,45
12,19
50,19,4
50,19,42
38
24
26,24,39,40
31,39
18,50,27
26,24,44,32
18,25,9,42
31,34,26,3
41,26
34,19
41,29,26,25,47
3
50,24,19
26,24,37,47
34,14,24,47
50,9,42,36
41,26,24,36,47
33,26
26,38,23
41,15,26,51,47
34,24,30
14,26,47
18,36
36
38,47
25,40
24
21,4
44
31,39
33,35,7,24,12,45,47
29,26,20
26,45,19,30
29,35,14,19,47
20
26,45,17
18,50,40
9,36
14

41,18,29,26
18,24,36
24,47
5,9
26,47
24,30
24,44,13
34,14,24
24,9,19,13
26,38,23
6,12,32
24,3
18,38,47
41,31,26,39
2,25,9
38
31,34,39
26,38,45,36,47,48
33,13,28,47
18,24,12,13,30
31,26,38
26,38,45,36,30,51,47,48
47
26,38,23
48
7
20
24,37
38
19,36
5,10
18,24,45,39
26,45,3
50,9
26,24,47
34,24,44,19
38
26,19,40
35,12,10,32,49
26,20,21
38
26,45
50,19
7,20
7
24
34,36
33,7,45,13

45,25,36
26,38,51
33,41,26,7,51,47
2,25,9
26,8,3,47
24,17,37
29,26,45,47
41,26,7,47

50,34,39,23
26,30,47

18,19

6,49
18,24,44,36,47
24,17
41,29,26,39,42
15,26,38
27,19,36
18,39,19
34,24,23
50,25,3

34,24
32
36
41,26
26
50,9,42,36
2,25,9
7,12,46
46,13
31,26,11,46,51,47
16
26,48
24,45,44,32,36
26,38,47
20,13
9,42,36
24,12,46
24,12,17
38,39,47
4,47
18,13
34,27,24,30
18,7
50,8,49
34,26,37,30,47
50,9,42,36
24,37,47
44
34,24,19,40
26,40
35,14
43,36
24,19
26,24,13
41,26,24,45,36,47
32
18,50,13
25,19,30
29,26
41,35,24,39,19,47
18,45,9
4
34,14,24
32
24
7,44
26
26,38
13,30
24,19,4,48
50,19,13
33,7
20,8,47,48
35,26,38
50,11
34,35,14,47,40
34,14,21,23

19
44,19,36
24,37
33,50,25,13

41,45,8,36,47
34,35,14,20,8
45
14
38
43,36
26,38
34,12,19
34,24,19
18,29,26,20,46,23,48
26,45,47
26,39,23
7,24,12,44,13
33,41,7,45,17,47
18,48
12,17,37,47
33,17,23,13
26,45
34,24
41,15,26,39
24,13
26,36
13
41,29,26
33,38,13
38
34
50,42
17
12,13,47
33,7,47
26,39
34,51,47
26,38
27,2,5,25,9
16,13
36
26,10
35,26,32,49
18,14,24,46,19,47
50,19
7
42
24
12,44,32
50,19
7

44,36
34,13,36,51
35,26,7,45,20,8,47
34,24,39
50,36

27,46,48
50,27,25,13,42,51
44
19
34,19
43,24,36
50,9,42,36
41,24,23
26,46
35,26
19,36
6,12,20
26,45,25,8,47
7
33,18,34,45,13
24,19,37
24,47
50,24,20
50,25,9,42
41,50,48
14,24,45
7,45
41,51
38
45,44
41,26,24,45,36,47
27,26
35,26,7
24,48
41,7,25,19
2,25,9
38
18,34
50,24,12,13
25,19,30,48
34,24,19
18,50
26,44
26,3
41,26,38,13
41,18,43,24,45,9,36
26,38
33,18,40
41,29,46
18,29,21
50,19,47
18,27,13
24,36
41,29,26,38
35,26,47
14,26,47
26,11,23,13
14
26,38
19,36
35,26,38,45,8,30,51,47
35,45,3,19
24,19,37
26,21
43,7,19
41,18,34,45,36
18,29,31,26,24,17
24,37
16,24,17,47
26,45,20,47
19,13
23
38
24,19,1
23
41,26,7,45,51,47
24,19
34,24,4
34,24,39,19

7
22,26
26,10
36,47
41,26
41,29,50,26,36

16,24,4
50,19
50,25,36,40
38
41,26,45,46
41,29,26,24,45,20,17,36
26,45,8
26,38
38
18,34,45
27
14,5,10

34,14,24,20,47
18
15,26,38,46,23
26,38
24,20
50,46,13,37,40
26,19
15,38
24,12,20,19
44,19,36
19,36,51
35,17
50,23,47
24,9,36
27,25
6,20
24,47
19
24
18,34,24,42
34,35,14
31,27,47
33,12,45,17,46
24,21,19
14,24,40

18,19,36
34,24,19,49,37
18,50,26,48
41,7,19,30,47
34,19,37
29,24,19
43,7,12,19
19
26,12,45,46
39,36
38,23
24,13,47
50,26,19,30
6,12,20
34,19,47,48
34,14,24
26
31,39,46,28
26,45,47
26,38
26,24,8,47
34,35,26,23
26,38
24
18,29
26,38,23
24
26,38,23
25,23,36
32,36
24,4
31,45
24,17,21,19,37
10
14,13,30

29,26
19,42
29,15,38
50
6,49
26,38,8,47
26,20,47
26,45,47
26
18,31,11,30
18,9
41,24,47
50,19
38,23
18,34,24,36
13
26,46,23
24,19
18,29,26,8,23
18,43,36
23
29,24
38,23

24,4
50,24,12,13
43,14,26,24
50,39,9
41,29,26,46,23
26,24
29,26
26,38,23
35,32,19
34,47
12
26,23
41,29,35,26,45,28
24
26,45,47
18,34,36
31,26,38
38
14,26
7,19
35,26,32,49
34,24,19
35,26,7
12,21
24,36
4
18,34,14,24
34,26
33,25,23
24
50,34,14,19
26,45,47
31
18,50,24
26,13,47
27,7,45
24,44,32
24,19,37
4
18,48
20,8,47,48
34,14,24,40
7,36,47
41
5,32,46
4
39,9
29,46
35,24,12,30
18,26
42,48
41,19,30
33,24
45,17,39
26
25,19
26,23
50,26,21
24,19
18,43,34,24
50,19
14,26,19
24,19
50,20,4
36
9,42,36
18,24
16,24,19
24,20,21,13,51
18,29,30,40
41,26
18,31,34,35,14,24
20
19
41,15,35,21,47
18,36
26,38,23

31,24,17,37,47
24,21,13
26,47
32

26,38,45,46,23
26,47
18,34,24,12,45,19,36
22
14,17
41,18,26,47,40
24
38,51
18,29,50,19

24,45,47
50,20,4
24,9,19
24,37
25,9

24
31,15,38
26,38
18,15,26
18,45
13
17
41,18,26,45,19,40
26,38,23
36
24,44,19
38
36
41,34,19
24,13,48
23,13

7
34,26,24,37,47
26,38,23
24,19
50,12,21,37,47
22,15,26,39,46,23

34,9,36
24
18,26,24,45,51,47
24,19
24,12,30
45,23
32
18,34,7,47

29
38,23
31,34,17,37,47
24
26,7,45,23
24,13,4
14,24,19
4
19
6,35,24,10
41,35,14,26,19,47
34,15,35,39
26,38,23
18,34,24,36
34,14,7,24
29,51
41,29,25,19,23
24,19
43,24
18
18,26,21,37
35,24,12
26,19
39,19,40
18,19
45
34,51
50

34,24,19,36
26,9,30
18,36
26
35,26
26
24
34,19
24,44,47
42,4
15,26,38
26,21
38
24
18,45
50
26,38

24
41,31,35,26,24
35,26
4
38
41,26,38,45
26,38
18,12
26,45,47
26,5,10,9
50,42
26,38
18,24
26,38
19,40
24,20
26,38
50,34,37
26,12,21,30
24,20,19
32,36
18,14,24
18,50,48,40
24,39
50,19
31,39
34,24,40
6
26,38,46
18,24,20,4
18,24
14
44,32,36
34,19
45,9,36
26,38,23
5
20,4
33,38
34,14,24,47
7,45,9,36,47
24,39,23
38
26,38
24,19
29,13
34,24,19
24,19
38
38,23
26,47
26,30,47
41,24,17,19,47
19
24
14
24,21,40
15,45,39
18
14,24
18,29,26,19
45,36
41,26,47
29,26
24,8,47,48
24,20,39,51
26,19
4
34,24
19
2,9
26,21
43,27,24,9
26,39
18
38
12,49

26,38
35,14
50,27
26,38,23
41,18
7,24,11,47
36
50,9,42,36
26,30,47
16,7,4
50,26,24,40
19
26,9,30
24,44,36
38
29,26
12
34
24,19
41,26,20,3

35,26
41,14,7,51
18,19,23,36
20,44
6,12,10,20
9,42,36
38,23
26,38
18,50
24
2,25,9
19
6,12
38,23
31,39
44,9,36
26,24,37,47
43,27,42,36
14,24,37
18,34,26,47
7
45,36
34,24,17,13,40
15,26,38
26,46
34,14,24,45,46
41,29,26,46
13
43,24,39
35,14,26,20,39,21,11,13,47
38,23
50,9,42,36
50
24
6,12,20

26,38,23
18,31,24
9,47
8
16,26,19
18,29,50
38,23
31,24
18,26
26
24
34,26,24,19,30
18,24
43,7,36
34,20,19
38
33,38,45,13
35
24,20
24,19,13
14,24
29,15,13,51
34,24,39,9
38
41,31,26,39
34,27,12,45,19
35,24
14,24,40
24,47
27,26,21,19,40
36
41,18,26,39,51
24,20,47
24
18
31
24,37,47
16,26,24,21,8,19,37,47
41,36
26,36
50,25,28,40
26
26,38
16,26
47
26,47
50,34,24,12,19,30,40
31,26,24,45,13
45,17
41,24
14,26,21
26,20,36
50,34,19
38
26,47
31,26,38
21,19,37
41,35,26,45,36,47
38,23,13
26,37
24,4
26,19
24,39
24,12
24,21
12,10
18,29,45,40
26,38
15,38
19,30
26,46
50,9,42,36
38
18,26,17
31
27
31,24,23

26,19
50,19
24,19
26,24,12,45,9,30
24
42,36
26,7,12
18,44,21,36
35,26,24,20,8,47
18,24,47
26,21
34,27,24
50,19
29
26,12,32
24,20,17,47
40
9,42,36
18,26,24
31,26,45
23,13
29,31,26,24,46,23
15,38
26,38
6,19,13
29,24,20,11
41,35,47,40
45,9
24
43,26
18,19,51,40
24
50,25
31,45,25,39,21,3,36
26,38
34,20
41,24,23,47
24,19
26,38
32
24,39,19
23,13
35
24,20,39,46
18,13,47
29,31,46,23
24,19
24
50,19
33,29,34,39,19,40
18,50
24,37
38

35,26,39,19
26,23
19,36
18,29

14,7,47
45,20,40
34,24,40
24,37
16,24,19
16,12
26,23
50,26,24,39,8,13
34,26
26,21
38
26,38,23
26,21,19
24
34,26,24,37,47
19,13,37
24,39,47
45,47

18,43,36
24
15,26,38,23
17,13
24
15,26,21
20
9,42
38
35,26,23
26,47
38,45
16,24
29,20,8,47
41,18,34,28
50,20,21,19
18,26,24,3,47
18,50,26
34,24,19
26,38


18,50,19
41,38,47
38,13
45,9,42
19,13
26,36
27,42,30
11,13,47
20

38,23

38
38
34,14,24
18,44,36
34,24
38
26,19
41,18,31,24,13,47,48
29,31
34,44,19,36
16

26,47
25,39,19,13
34,26
13
38
24,47
18,24
50,26,21,19
19
48
26,38
14
14,3,47
19
26,20,9
34

50,9,42,36
43,14,26,24
24,19
12
25
16,21
26,23

7,45,44,19
7,24,28
26
41,35,26,7
14
33,24
33,18,45,13
7,36
45,25,19
41,7,45,25,19,36
9,42,36
26,24
18,47
50,24,19
20,8,30,47

23
18,29,17,13
24
38
15,26,38,23
24,19
19
35,26,7,8,47
35,7,47
26,38
25,13
26
18,50
12
6,26,24
41,26,45,25,39,36
50,2,42

36
44
16,24
45,25,39,46
18,4

34,26,38,46
24,20,19
41,50,27,30,47,40
26,30
35,14,26,24,8,47
36
38
31
44
24,20,44

45
26,19
26,38,47
33,45,23
23
36,40
26,19,23,40
18,45
38
18,24
26,25,39
26,38,23
41,35,26,24,47
24
41,18,31,24
33,38,45,46
35,26,13
38

19,40
41,24,47
14,26,47
26,7,24
26,7,24,46
38
4
50,27,47,40
49

38,23
31,34,26,13
35
50,27,13
33,23,13
7
50,24,13
14
18,29,26,20
38
9,42,36
24,17,47
19,40
38
26,10
24
18,14,40
29,26,47
20
41,18,50,19
50,27,9,51
26,38,51
50,34,17
4
34,21,19
24,45,8,47
6,5,10,20,3,1
24,39

29,31,34,26,24,17,47
16
34,19
12,20,49
24,36
18,24,19
19,37
34,9

45
36
41,22,26,38,23
50,34
33
34,24,19
14
29,26
33,13
26,38
29,26,45,8,47
34,26,44,19
6,18,14,26,30,48,40

6,8,49
26,21,19
33,29
48
24,37
33,18,34,19
7
50,26,24,19
26
26,45,8
24,47
29,26,46,23
7
34
26,38,23
29,26,45,8,47
26,38
50,9,42,36
26
32
24,37
41
26,45,47
41,26
24
24,45
7
50,9,42,36
43,35,14,26,24
26,9,47,40
38
24,13,47
31,12,20,39,46,47
38
41,26,38
19,13
18,43,7,45
41,26,24,45,47
50,36
18
50
50,42,30
24,10,17,13
38,45,13
20,44,36
27,9,42
18,26
24,19
14,24,47
26,45,47
18,34
45,19
24,8
35,12,3
39
26
26,38,45,46
24,19
10
26,42
24
14,40
44
26,8,47
13
33,13
4
26,38
24,36
26,13
26,38
50,24
16,12,25
24,37
35

44,36
32
39,9,36
26,38
50,34,24
34,26,24,19,13,51
50
24,12,19
36
33,18,29,50,13,51
38,23
38
18,36
20
15,26,38
24,19
33,26,45,13
26,38,23
18,29
32
34,14,47

26,38,23
45,36
18
41,31,35,24,51,47
24
18,29,26
44,32
26,45,25,19,47
21
15
26,19
41,18,26
26,25,9,36
26,7,24,45,20
34,24,21,19
41,26,46,47
34,24
29,26
15,38
26,24,25,39,13
33,24,13
18,50
36
26,38
18,31,26,7,39,47
38,23
16,20,21
26,7,3
29
34,13,30
18,29,31,26
26,12
50,26,17,21,47
39
24
16
23,13
38
50,42
26,36,40
19
15,35,39
15,35,38
41,39
31,26,24,38,23
24,40
7
40

24,23
29,30
29,22,26,46
34,14,24,19
34,26,24,46,13
18,45
32
24,40
41,18,29,15
24,47
26,3
26,38,23
24,45
31,45
45,51
29,35,3
47

34,35,26,7,45,8,36,47
11,13
31,26,38
34,24
18,34,24,9
45

35,14
26,24,45,47
41,26
35,14,24,45,47
20,23
26,21,3
41,47
26
14,26,47
38,23
50,47
26,38,46
34,26,23
49,47,48
38
24,17,47

31,39,23

24,25,36
4
41,29,25
38,13
18,45
24,19,30
31
50,13
14
41,24,45,36
18,29,26,20,47
24,21,13
22,38
19,30

45
35,24,47
41,26,47
26,38
24,49,37
26,10

33,26,38,23
38,23
36
41,31,26
35,14,26,24,8
34,24
16,27,24
41,26,7,45,20,47
14,24,9,47,40
35,12
50,24
34,24
41,18,29,26,7,24,36
35,36,28

29,22
38
7
34,26,19,47
34,26,19,40
26
16
18,20
41,29,26,24,45
19
12,11,23,13
19
26,30,47
35,26,24,20,46,40
34,14,47
26,39,23,47
29,22,26,13
26
26,38
24,20,17,47
18,34
33,45,13
26,45,3
41,18,51
24,13
43,36
41,38,45,47
47
38
3
42
18,34,24,19
24,20,39
38,23
33,13
19
31
24,4
26
45,39,46
15,26,38,23
24,47
20,8,47,48
26,38,23
26,13
32,17
12,46

24
26,24,12,45,9,30
26,24,37,47
26,21

7,24,38,45,17,39,13,36,47
10,8,3
16
26,45,47
9,42,36
41,31,26,39
26,51
3
26,38
16,34,26,3,42
35,36
24,13
31,35,45,49
44,32
38,51

18,45,13,37
35,26,45,47

41,18,24,39,13
7
24,37
41,38,23
38,45
26,38,46,23
41,18,19
43,7,45
24
33,13,47
13
4
18,34,46,40
21
24,19

24
34,19
34,14,24,19,30
9
26,38
7
29
18
34,36
44
24
15,38,23
24,36
26,7,38,45,47
41,45,36
34,37,36
41,26,7,45
50
50,34,24,19,13

38
34,14,24
32
24,17,47
7
26,7,37,47
36
24,19,37
18,43,51,40

38
36
44,3
38
44
29,27,26,45,25
26,30,47
38
24
18,13
43,44,42,36
18,46
38
41,35,26,7,45,9,47
32
19
18,29
29,23
26,24,12,9,30
20,4
35,24
15,38
34,24,21,19,47
50,34,19
46
31,38
26
26,19,36
14,24,25,13
50,24,13
35,8,49
38
41,29,26,24,45,17,8,46,47
24,25,19,36
50,19
18,24,45,20
26,45,3,23
18,29,26,17
38,23
47
23
38
18,34,24,20,13,37,47
32
34
16,26
26,38,46
33,26,45,13
26,19
38
40
34,24
49,48
26,47
14
26,46
24,44,40
18,31,24,47
38
26
15,38
38
24,12
38
26,45
43,24,19
45,25,30
24,47
26,20,36
4
14,26,7,37
24,4
36
24,46,13
27,14,24
38
34,24,19
18,34,25
50,19,13
34,24
45,23,36
44,36
12,32
38
35,12

26,38
26,19,47
5,20,3
26,38,8,13,47
26,21
50
24

35
26,38,23
24
31,24,39,46,23
50,20,47
24
24
44,39
41,46
39

31,26,8
34,24
24,9
44,36
46
26,38,10,46
34,26,45,8,47

44
15,26,38,23

12,45,9
28
34,45,19,47
20,17,8,47,48
26
20,3
34,26,37
24
18,31,26,38,45
26,46
36
9,42,36
26,20,9
24
26,38
24,19
41,7,24,45,37

26,24,23,47
35,24
26,3
29,23,13,47
33,36
35,26
41,38,8,47
34,20,39,8,49
50,19,47
5,36
26,38
26,38,23
24,47
12,32
20,39
26,46
24,39

6,20,8,3
39,19,40
29,24,25
22,38
22,26
14,19
24,19
32
22

40
18
44,13
26,39
29,47
15,38
18,7,24

35,24,39,13,47
18,25,9
34,14,24,47
36
12,4
36
18
18
26,30,47
43
41,24,45,19,37
19
7,3,23
45
41,18,26,7,24,38,45,23,28
29,26,38,19
24
41,50,24
38
29,25
24,19,36
26
24,19
4
45
34,24
29,34,25,39
24
18,29

50
23,47,48
20,46
15,38
18,13
36
38
38
26
45
50,9,42
26,7,24,45,3
24,3
24
15,26,38
41,16,8,47
24,36
24,19,4
20,47,48
35,26,7,45,21,3,36
13,49,48
41,18,7,24,21,19,47,40
9
26,24,25,39,9,36
33,11,13
16,26,21
4
38
38,46
26,24,19,47
7,36
26,12,25
18,26
34,24,47
29,31,45,51
26,23
26,13
35,45

24,10
50,25,51
50,9,42
6,12

18,26,24,45
32,36
38,23
26,38,46
26,38,23
24,37
24
26,38
34,24
24,19

18,45
18,44
24
18,35,20,13
29,26,24,47
16
50,20,4
41,43,7,12,21,36
3
50,19
19,30
24,11,48
35,24
50,9,42
33,25,36,51,40
24,19,37
26,39
41,24,45,46,36,47
44
35,24,45,19,36
35,3
29
41,39
33,18,24,13
18,24,47
18,36
26,38,23
19,40
50,44
32
38
4
27,45,42
34,9
38,23
50,16,26,21
26,38,23
38,23
26
27,21,36
16,26,40
38,23,51
38,23
19
12,3
20,13,48
16,26
4
41,34,24
26,38,23
14,19
41,31,26,39
38
18,29,26,24,46
7,47

34,14,26,7,24,20,17,47
34,24,13
45,9
36,48,40
50,13
34,19
33,41,13,47
18,27,36
41,34,19
26,8,28,47
31,26,40
14,24,45,19
7,38,13
26,38,23
24,51,40
18,29,11
14,24,47
38,13
35,38,3,46,13
23
38,10
35
35,45,25,13,47
41,35,26,45,47
24
26,24
24,13
47
45,47,40
26,32
35,32
41,26,39
39
24,11,13,47
29,47
19,36
26,45,3
18,26
34,24
50,19,36,40
31,34,14,24
9,51,40
29,26
18,50,26,20,36,40
41,26
50,9,42,36
36
26,10
16
33,26,24,39

18,34,23
31
13
35,26,47
41,34,7,45,36
34,44
18,50,24
29,15,26
15,26,38
26,9
45,8
44
35,47
26,21

3
19,36
18,35
26,38
41,35,7,24,25,30,47
50,19
26,38,23
34
26,45,19,37,47
29,26
34,19
34,51
24,19,51
38
15,26,38
31,38,23
39
19,36
24,12,17
34,42
9,42,36
10
19
38
24,12,45,44,32,36

32
38
26,38,23
38
26,47
50,47
26,38,23
29
26,24
26

35,45,25,47
47
18,34,40
24,37
26,24,37,47
26

35,24
19,30
38
38
29,47
35,26,24
20,48
19,40

24,37
9,42,36

50,19
41,29,26,17,39,19,30
26,17,47
34,14,24,47
32,17
29,26
16,48
15,38
19,40
38
19,36
38
26
24
20,17,47
20,8,49,47,48
24,12,46,37
44,32,36
38
24,37
34,26,24
40
18,24,12
15,26,38,23

38,23
26,17
26,45,8
18,29,26,39
38
41,31,26,39
24
24,19
13
24,11
29,35,26,47
34
34,37,36
29,19
34,35,24,12
26,45,47
26,40
3
24,13
16,47
21
26,46,13
26,32
24,44,39
24,20
38
24


35,26,45,36,47
18,26,46
12,48


18,34,14,24,20,13,51,47
45,8,49,36,47
47
26
20,44
26,38,23
18,34,19
26,38,47
38
24,19,37
47
44
50,40
24
13
31,14
13
38
41,26,47
29,31
36
7,45,36,47

31,34,25
38
34,24,37
24,13
13
33,13,47
23,51
40
38
45,20
23
34,14,24
18,29,50,13,37,47
19
18,29,24,17
7,24,13
38
26,45,30
41,31,15,26,39
6
19
41,26,38,23,47
26,38
15,26,21,19
3
26,44,32
38
24
17,21,37
26,38

38
26
2,25,9
18,24,46
26,38,23
24,20,37
41,26,38,46

44,32
24,21,36
49
4
18,29,26,23
33,43,40
35,26,8
26,10,9
24,17,21,19,37
11,36
19,13
7,20,46
35,26,19
36

35,45,47
4
33,24,47

7

24,19
24
47
26,24,21,47
19,37
31,26,46,23
26,38,23
27,24,42

29,24
17,4
26,47
50,40
24
41,25,39,37
24,4
31,26,24,39
7,44,36,47
39,36
26,3,23
41,26,8,47
26,21,19
13
7
16,4
24


6,16
18,14,40
41,24,45
26,47
6,10,3,1
38

50
21
9,42,36
39
38
7

12,44
24
18,29,15,46
7
26,21,19
50,51,47
19,42
18,34,24,19,37
18,29,26,10,46
45,9,36
18,36
18,43,36
26,19
38
41,34,19
26,38,45,46,23
2,25,9
26
18,29,26,19
13
34,26,24
50,27,24,20,23,42,30,51,48
41,7

41
36
29,22,12
47
41,18,29,20,30
43
38
25,19
31,39
41,35,26,7,28,47
34,46
50
44
45
44,32
38
50,19,30
21,40
38
12,19
12
38
18,16,24,36
7
41,16,25,19
29,22
44,32
20,49,48

24,19

50,24,25
38
43,29,26,24,32,9,28,51
34,19

4
23,13
36

18,29,31,26
24,12
34,45,19,40
38
23
9,42
14
31
35
14,24,21,37
34
24,36
18,45,44,36,40
38,47
38
50,25
36
18,40
24,45,19
26,24,45,9,30
41,26,38,45,23

43,7
18

14,24
24,19,30
29,45,13
31,24,13
39
18,19
29,35,26,47
50,34,24
50
36
29,48
38
50,9,42,36
26,38
26,13,47
26,38,23

24
38
43,36
20
24,4
38,23
41,34,26,24,5,45,20,13
41,35,39
6,12,44,21
38
33
35,44,32,48
5,10
32
24
10,44
16,34,26,21
26,38
26,38,46,23
26,7,45
25,9
26
18,36
24,12,20,47
18,50,13,40
24,37
34,36
33,38,13
35,26,39,47
38
34,19
50,19
50,19
24,23,13
24,45,11,8,13,47
24,12,17
48
34,9,36,47
50,14,24,36
24
47
34,20,47
14
41,35,45,13
39,47


41
35,14,26
50,24
36,30
24

8,3,47
24
24,36
7
12,46
24,36
26,25,9
26,11,3
25,19
35,45,47
41,35,45,36,28,47
44
16,26,7
41,26,23,47

19

35,26,21
38
15,26,38
18,25,39,13
50,40
29,26,3
45,9,36
18,50,12,32,19
38
26,45,36
38,23
34,35,20,17,8,49
13
18,29,50,26
7,3
13
26,21
41,45,23,36

38
39,3
33,26,10,39,13
24,39
24,36
24,12,17
9
45,25,19
6,8,48
4
45,51
18,13
29,35
29,31,7,20,13
41,26,46
38,23
29,22,46
26,7,47
16,36
3
50,24,13
29,26,24
26,38,23
29
50,31,45,19,36
24,11,13
3,23,51
18,29,31,26,24,20,51,47
3
14,24
44
18,26

35,26,47
26,47

38,45,13
26,12,20,17,47,48
26,38,23
18,43,19,23,51,40
18,19,36

24

35,12,8,30,47
34,24,19,13,37
50,34,14,24,17
34,14
34,26,40
38
50,42
26
18,24,38,45,37,47
41,45,47,40
6,13,1,48
26
34,24
18,24
6,26,5,20
36
9,42,36
36
26,24,45

26,38,23
26,38
18
34,24
19
26,38
26,38,23,13
35,26,47
7,24,36
26,47
2,25
18,36
24
33,38,23,13
45,36
26,21
31
38
24
18,24,44,9
31,39,23
50,14,11

14,24
38
26,38
38
34,27,24
4
49
18,36
50,19
29,26
16,26
26,45,3
4
50,27,13,30
45,36,47,40
20,36
38,23
50,19
18,29,45
38,13,47

45,39,37,47
27,19,36
35,45

26,19
29,45,25,21,9
38
29,46
18,20,36
50,19
26,7
12,17,37,47

29
17
29
38
18,50,25,40
35
18,29,26,51
45
18,29
35,45,49,47,40
20,47
38
36
18,34,9
18,45,36
6,49,48
45,30
24
31,26,46

12,19
26,40
44
24,20
35
38
38
20,4
26
41
41,26,39
34
38
20,17,8,49,47,48
29,26,17,21,36,47
38
26,45,21,36
26,7,47
34,26,24
38
41,18,29,47
34,19,28
23,13
26,20,3
21,47
22,26,38,46
41,38

24
18,34,24,20,48
50,44
10,44
24,45,19
24
6,24
7
26,38,46

24,11
29,35,26,24,45
50,34,40
26,3,36
41,18,50,27,20,21,9,42,51
26,38,23

24,37
24,19
26,5,48
12,19
35,32
29,26
29,13
19,37,36,40
26,32
18,34,26,19
15,26,20,9,23
35,26,47
38
41,31,26,38,23
16,21
26,21
38
15,38,23
29,26,45,36,47
41,20,39
50,3
44,32,36
21,19
34,51,40
18,20
31,26,46,23
19
35,26,24
18
46
33,34,26,24,23
24
26,39
13
11,46

33,35,45,13
38,23
36
24,23,13
35,24,47
26,45
38,23

44
50,34,20,4,47
10
38
26,38,46,23

18,9
26
26,38,23
26,38,23
41,38,23

38

38
16,48
41,26,39
23
35,20,17,37
24,19
50,24,19
45,9
18,26,24,45,40
44
26,38,23

19,40
45,25,36
6,8
26,13
35


50,42
34,36
38,23
18,34,9
44
9
36
24,44
7
38
41,31,26,39
35,20,47
26,21

35,12,20
26,38

16,20,4
41,26,7,24,45,37,47
24,45
6,35
35
34,35,24,19,47
24
36
31,24
43,50,45
18,36
26,32

26,38,23
33,40
23,13
41,26,24,37

38
34,35,44,19
7
34,24,19
29,22,26,46,23,13
38
27,12,19,42
29
38
26
7
21,37,47
33,24,20,47
26,38,23
12
18,24,36
38
26
24,20,47
29,26,45,36
25
50,19
29,26


35,24,46,13,49
24
41,38
38
18,24
26,24,12,47
38
38
26,24,12,9,30
31,38
24,4
38
47
41,15
23
3,47
31,39
29,22,26,11,13
39,46
50,27,26
29,7
16
24,19,37
38
9,42,36
6,29,34,17
26,21,19
31,26,39
18
26,45,3
41
18,24,4
7


24
50,24

9,51,47
31,24,45
35,39,13
6,35,26,8,49
45,46,36
29,31,35,26,45,23,49
38
13
26,24
9,42,36
14,24
32
38,11,13
38
24,19,37
7
33,24,17,37
50,9,42,36
26,23
36


38

19,37
44
36
4
24
34,24
23,13
38
41,35,7,45,20,47
49
24,19
41,34,26
34,14,24
19,40
26,10,46
24,21
33,38
34,26
41,26,38
31,26,39
38
7,3
26,36
38
26
38
41,29,31,35,24
24,20
50,20
16,24
34,45,21,19,37,47
18,26,21
22
38
19,37
26,47
26,38
18,26,25,47,40
33,38,46
36
12,3
26,24,47
38,45
26,38,23
26
34,24,19,36,40
34,24,8,51,47
26,38,23
14
35,12
44
16,26,24,19,4
24,19
13
24,19
34,19
26,44,21
38
32
32
29,35,26
26,21,19
38
26,38
41,35,26,45,49,47
18,34,24,46,37
18,24
46
44,32
24,13
7,46,30
29,26,23
26
38
41
7
7
20
18,50,42,40
26,38,23
29,39,3,36
26,21,8
6
38
14,24,20
38
27,24,42
29,31,26
16,26
38
26,38
18,29,15,26,23
19
49
36
23
36

24
50,24,9,48
15,26,38,51
36
22,26
29,12,20,46
41,35,26,45,47
18,14
26,3
50,25
7,24,36
18,27,45,42,30
24,19
26,38,45,46,23
18,29,26,24,46
18,24,19
24,23
35,14,26,24
24,19
50,23,36,47

18,45,44,36
18,50,45,40
16
49,48
18,40
31,46,13
38
24,19
26,38
35,17,13
26,44,36

41,26,7,24,45,51,47
8
38
29,23

18,50,24,9,19,36,47
47
29,24,45,20,25,37
41,35,7,39,21,36,47
26,38
24,19
7

24,44,36
49
9,42,36
20,4
15,38
18,36
18,45,17,30
29,26,24,47
24
36
14,24,19,51,47
34,19,36
26,3
33,18,7,24,47

3,23
26,24
20
34,45,8,47
38
38

38,23
35,14,39
6,20,39,8,49
26,3
26
26,38
41,22,14,25,39,9,23
20,13,47,48
3
22
20,47,48
8,47,48
29,46
18,36
26,44,3
24,48
15,26,38
50,23,13
20
15,38
26,38
26,23
36
41,18,24
16

26,38
26,21,37
19,37,47
24
24,19
19,13
34,26,10,25,9
41,31,15,26,39
18,45,19,28,48,40
41,19

7,24,47
41,34,24,25,39

43,7,36
26
38
24,40
10,3
26
26,38,46,23
45,36
29,25
24,23,13
26,38,46,23
38
26
39
24,20,13,49
35,24,30,51
13
42,30
32,13,51,48
17
37
18,44,36
38
35,45,8,47
44,32,36
24,19
50,47

26,21,42
51
34,24,19,47
26
26,45,3
26,38

31,26,38,39
5,20

26,38

50,24,19
38
26,38,23
24
38
44,36
14,24,47
36
24
34
26,38
42
26,38
12,32
29,22,26,46,23

38,23
3
26,38
24,19
41,18,39
26,38,46,23
27,42
16,3
50,30
41,35,45,36
22,31,26,23

34,19
38,46

45,19,36
26,30
18,50,26
16
24,37
26,10,19
35,36
4
34,26,24,21,36
15,26,38,23
38


38,46,13
24,13
38,46
26
38,23
41,34,26,7,47
41,15,38
38
29,47
19
26,38
34,37
13,36
13
5,10,48
34

18,29,31,26,19


24
26,19
26,38
18,29,50,37
33,38
26,38,23
35,26
31,26
29,12,46

19,36
15,38
26,38,23,51
18,29


38
18,29,26,24,47
35,14,26,7,24,45,47
26,7,17
46,47
35,26,45,8,47
35,45,23,36
41,29,20,25
16,26,10,3
24,51
44,32,36
38,46
18,26,7,38,12,46,47
24
41,18,26
44
38,23
39,19
38
24,12,19
50
26
50,19
41,29,15,26,46,23
32,17
24
29,49
41,26
38
29,20,11
34,14,24
14,24
38,23
18,7,45,25,37,47
38
18,24
19
21
26,40

41,31,26,39
26,38
26,38
41,38
24
26,24,30,47
41,31,26,48
18,26,40
38
41,26,51
24
24,19
41,29
18,36
26,38
26
38
26

38
45,36
25,30
38
26,23
34,24
24,46,48
47
35,45,8,36,47
24,38,19
34,14,24
3
36
26,46
35,24,30
44,36
41,29,22,26
9,42,36
39,13
38
12,21
34,24
18,24,19
50,31,34
34,24,51
26,38,45
50
38
38,46

51
26
12,44
7,12,46

26,21
26,38,23,47
26,38
34,21
26,3
41,26
12,19
4
26
18,34
26,30,47
8,3,47

50,9,36
18,45,47
33,14,39,40
24,45,19

7
13,48
26,45,36
31,34,14
29
42
34,12,19

19
41,35,26
35
18,7,37
38,23
24,19,47
5,10,20
41
31
34,14,24,30,40
43,24,44,42,36
7
33,24,45,20,13
41,44,36
24,19,13
25,30
15,26,38
26,19,47

29,26,46
48
50,16,45,3,42
20
19,36
32
26
16,3
32
26,38,23
24
25,36,30
14
50,16,14,26,24,21,19,13,47

16,46,19,13
26,23,40
33,29,34,35,13,51,47
45,20
24,13,37
26,19
24,23
22,38
18,29,31,26,19
7
26,25,19
41,26,38,45
50,26
38
24,19
26,45,40
12,19
50,3,19,30
24,25,13
26,13,51
38
26,38,23
26,38
12
3
18,26,19,47
38
24,21,19
26,45,25
38
45,8,13
41,26,23
27
14,47
26,38

24
46
45
45
48
33,44
18,29,31,24,47
24,44
18,29,47
38
41,47
18,50,24,45,19
18,44,36
16
33,38,13
34,5,21,19,37

38,46

39
10,8,13
24
38
33,18,34,45,19,13
50,35,26
18,36
38,23
41,45,23
24,45,25,36
24,19,30
39
24,19
7
38,23
34,21,19
27,19
26,38
24,13
26,8,3,47
6,5,10,20,3,1
18,24
26
24,47
33,18,35,7,45,20
44
12,3
26,24
18,24,44
50,26,45,23

50,13,42
38
39,46
23
29,22
41,39
41,29,26,47
35,47
38,23
38,23
18,26,24
40
5,10
44
14
50,24,13
12

41,35,26
13,36,48

3
38
34,38,25,9
7,24,23,13
21,19
41,29,22
29,35,10,46,23
18
26,23
31,24,17,37,47

33,39,19
29,26,23
33,23,13,37
18,50,24
4
18,23
24
24,11
38
38,45
29,24,45,8,19,13,47
15,38
24,19
5,25
36
44,32
26,7,20,17,47
26,46
50
26,38
34,45,25
18,24
26

38
24,23,47
25,3
26,19
14,45
35,26,45,47
26,39
24,4
44
43,16,45
6,20,39
23

27,3,42,30
36
49,48
29,46
26,39,46
35,8
35,8,23,49,40
45,3
16,27,24,46
34
20
7
24,36,47
29,22,26,46
26
39,47
19

44
4
34
24,45,19

4
38
12,48
33,29,26,23,47
7,39
50,7,47

41,45
26,45,25
18,26,7,45
13,42
38,23
9,42,36


50,34,20
6,34,8,49
19
45,25,23
48
24
38,23
38
41,18,35,7,45,39,47
41,26,38,46,13
24,11,47
26,38,23
15,38

38,10,13
38,47
19

24
18,34,14,26,24,37,47
50,24,37
38
27,26,45
29,23
51

26,21
8,19
38,46,13
38,23
26,38
38
35,20,49
13
32
3
16
50,26
50
36
45,39,28
38
41,26,47
24,21
38
31,26,45,49,47
7,3
41,31,45
46
19
38,23
6,20
12,17,8
17,3,19
39
26,38,39

18,24
38,23
33,16
26,24
41,50,26
29,35,45,25,47
40
38

5,20
38
12
15,26,38,23
29,3
41,38
24
33,41,29,45,36
51
43,7,44
26,45

29,26,47
41,34,26,19,47
24,36
26,45
29,26,38
24,21,19
38
18,20
26,38,23
15,26,38,23
45
45
26,45,39,46,51,47
31,7

41,29,35,7,38,45,8,23,51
38
18,45,36
50,13,36
29,26
38
34,26,24,37
24,44
26,38,23
35
35,26,45

26,23
18,23
39,9
41,35
18,29,24,46
24
34,26,17,21
41,18,26,40
38
24
24
38
35
26,45

34
38,45,39
18,24,47
38
7,24,39
44,32
38
18,29,26,23
26,8
26,21
38
35,8
24
50,34,24
41,38
27,9,42
41,46
29,26
38
34,24,45,19,36

24,19
24,46
38,23
16,26

31,3,47
26

31,24
7,17
26,38
41,38,8
32
9,42,36,30
24
44,36
38
44,30
26,8
33,34,26,51,47
38
44,19
9,42
38
35,26,7,37,47
38

43,16,24,44,32,9
18,29,26,9

24
35,14
38

45
41,29

35,3
24,19


38
19,40
50,19
34,39
13
18,24
16,13

23,13,47
33,24
38,23,13
24,25
41,18,50,46,19,47,48
20,8,49,47,48
41,26,20,47
38
12,45,47
22

38,46,23

48
44
38
41,26,10,40
24,36
24,4
38
31,45,46,51
41,26,47
27,45,36,30
12
26,25,17,3
38
26,38
24

26
26,24,45,25,39,8,47
38

19,30
38
21,47

25
15,38,23
38
38,23
35,21,47
35,26,7,3
4
38
3,19
41
24,19
38
38
38,23
44
26,7,45,21
19,30
29,35,24,20,47
29,31,34,26
4
24,37
14
19,40
26,21
16
45,8,36
15,38
38
45,25,8,3,13
26,38,23
34,19
38
26,39,3

31,26,45,8,3,47
35,26,25
24,12,21,19

26,45,17,47
45
10,48
18,9,28,48
32
41,29,22,26
12,32
35,19,47
48
18,7,37
50,9,42,36
24,20,4
50,4
38
23
18,43,29,45,36
26,46,13,37
38
38
38,23
18,50
6,40
27,36
29,26,46,13,47
35
26,38
26,21

35,24
34
41,26
50,26
24
29,14,24,45,36
31,7,8,47

19
26,38,23
38
7,24,36,47
30,40
38,23
24,20,37
31
26,38,13
24
44
38
41,31,38
41
29,26
24,44,13
7
45
7
18,29,26,23
18,24
29,26
38
34,32,19
3
51
26,3
38
24,19
41,26,7,45,8,13,47
41,7,24
38
38
38
26,38

41,29,35,26,24,21
38,46,23
18,43,24,36
34,24
41,29,24,45,19,30
41,50,24,20
23,13
26,38,23
24,19
24,19,23

26,45,39,47
7
15,26,38,23

50,16,4
34,27,19
18,34,11,13,47
26,24,37
38,23
24,47
38
38
41,7
7,21,47
18,34,14,40

26,12
24
26,38,39,46,23
49
38,23
24
38,47
16,26,21
50,24,47
19,40
26,39,47
24
26,24,3,30,47

18,50,48
24,4
18,50,24,19
50,27,17,9
18,31,24
38
15,25
7
12,10,37,47
32,25,19

26,47
27
7,24,47
26
24
41,7,24
41,46
38
38,23
35,26,8
38,23
18,36
21
26,7,44,37
38,23
34,12,47
41,50,19,30
41,26
32,17
38

51,47,40
29,26,38
19,47
26
26,24,19,47
34
26,40
33,38,13
24
24,12,4
24,25,36
41,29,26,46
38
38
15,38
8,49
24,23,36
26,21,19
19,37
38,23
18
9,23,42
32
24,19
26

38
35,14,26
7
31,26,7,24,30

38
41,31,26,49,47
4
38,23
26,23
26,21
26,38,46
12,13
18,26
3
24,38
27,13
26,21
24,19
24,19
38
34,20,19
31
18,24,36
29,35,13,28
41,7,47
50,26
19
24
26,38,8
7
24
26,24,47
25
7
24,13
33,20,21,13,37,47
26,38,46,23
26,13
30
18,22,45,36
16,26,4,47
38

41,35,47
34,49


41,7,24,45,36,47
1

18,45,9,19

40

24
45,40
38,23
20
3,42
41,26,24,47
38
31,26,24,47
38
43,14,38,45,13,37,36
24,21,19
16,24,40
15,38
34,35,49
38
24,44
12,37
26
24,44

26,39,23,47

26
44,36
34,20,37
47
2
29,12,20,46
26,10,47,48
35,38,8,23,47
36
26,21,19
24
18,29,31,26
25,36
24,19
29,31,45,46,51
29,22,26
30
32
41,38
24,37
47
45
35,14
24,19,47
31,26
24,17
6,8,49
31,26,38
26
24
38
38
36
34,26,20,19,37,30,47
26,38,46
24,51,40
34,17,40

24,19,47
34,24
41,15,26,47
29,20
24
24,12,17,11,37
18,24,19,40
26
14,26,24,25,39,37
34,14
18,26
26
30,48

19
4
12,45,11,46,47
45
38
21
6,20,23
26,38
41,26
18,45
24,47
24,13
6,10,1
41,47
7,24,36
35,20
24
38,47
49
22
3
16,12,3
20,17,47
29,50,34,30
24,47
39
18,29,26
38
44
26,5,10
24,4
45,32,25,9,19
18
35,26,38,23
38

26,12,3
25
36
24,39,8
13
41,18,27,19,23
41,26,46,47
24,13
41,35,26,47
39,3
38
38,23
26,38,23
41,26
34,23,36,47
26,24,25
16
26
19
38
35,38
45
50,19
4
29
36
24,19
3
44
38
24,19
45
26,38
31,24,11
38
26,10
26,4
38,23
24

18,14,24,40

38
16,19
35
50
24
38
26,38
7,12,44
41,18,7
50,45

31,39
26,44
24,47
38,46,23
27,3
24,46
15,26
19
38,46,23
41,15,38
14,26,24,13,51,47,40

7,39
41,26,51
26,38,23
26,45,3

18,40
26

41,25
9,42,36
26,21
34,24
39,19
38
20,49,48
18,50,23,13,36
12,17,49,47,48

51
18,43,24,19,42,40

26,28,47
18,29,26
29,22,26


26,19
26,23,13
26,38
31,38
41,39

18,24,25
6,48
38
26,46
29,38,23
35,45,8,47
50,35,36
38,23
43,36
38
17,30
27,3
44,36
26

38
38


35,26,24,21,19,47
50,13
41,29,26,24,45,21
26,20,13
34,35,26,24

24,13
36
43,7,45

24,4
41,24,12,19,36,47
45,36
31,26
17,39

7
36
41,50,24,19
4
48

47
40

38
18,29,24,19
41,29,12,25
26,3
38

35,26
19

38
26,10,23
29,50,46
38
26,38,45
29,26,47
15,26,38,23
50,19,13
41,26
36
7,12
18,29,26,45,21,40

31,26,38,21
38

39
12
38
50,12,19
15,38
18,24,36
38
36


36
18,24
24,36,40
38
31,38,46,23
25,30,40
24,12,32,19,30
26,47
38,23
26,38,23


50,34
6
41,48
26,21,8
41,24,39
18,19,13,37,47
11,37,48
50,24,13,47
47
34,4
24,17,21
26
7,20
24,17,13
9,42,36
14
20,19
38
31,24,45
46
49
10,20
25,36
43,26,19,36
50,27,13
29,22,26,13
18,47
26,38,23
38
50,26
12,21

3,47
29,23
26,44
19
4
38,46
23
38
32
34,24

29,47

26,24
24,39,19
25,3
20,44,9,36
26,23,13
18,25
39
41,26,36,47
38

22,26,46
50
45,39,13
16,10
6,20,17
24,19,30
45,44,36
6

26
50,25
24
26
43,38
38
3
26,38,51
43,35,24,12,45,19,36


26,7
14
38,23
24,12,25,11,30
26,38,23
26,7,25
19
41,26,45,20,8
24
38,23
25,30
38

21,19
38
3
24,19
38


34
26
38
26,38,23
38

47
26,38
34,14,24
38
41,24,40
19,30
15,38
41,45
26,38,23
19
50,24,45,36
31,38
16

34,19,49
44
38
38,23

26,45,36
26,38
50,24,19
50,34,24
26,38
29,50,47
18,29,34,24,45,19
41,25,39
24,13
38,23,51
26,47
18,26
25,39,9,47

34,24
26
44,36
26,38
38
26,38
7
51
34,24
13
26
29,34,26,19
22
35,26,7,45,8,49,47
15,38
41,24,39,19
26,21
26,38
44
32

24,23
26
7,38,23
6,8,49
33,10,13
38
29

24,44
39,19,40
14
38
34,24
32
26,24
26,17
34,35,23,49

41,18
29,24,45,19,4

5
38
18,31,26,20,39
38,23

34,26
34,19
26,12
15,26,38
26,19
24,19,37
38
29,26
26,24
36
50,34,24,17
12
26,21
38

7
31
12
34,19,28
38
38
19

50,19
26,24
4


29,26,8,49
29,26
50,3
7,44
44
24,37
25,3
26,38,46
26,38,23
38,23
24,19
38
35,8,48
46
38,23
26
41,29,35,26,45,47

34,26,39,51
38
18,44
34,37
43,47
37
32
12,19
13
38
26,24,8,47
37,47
24,19
50,9,42,36
29,50,24,23,47
14,40
24,9
50,9,42,36
26,38
44,36
38,46
24,12,4
38,23
26,30,47,48
50,16,24,20
38
26,3
33
41,24,47
35,46,13
18,26,39,23
26,47
29,26,23,13

26,38,23
12,17,21,46
35,9
44,32,17,36


49
12
3
12,19
50,13

24,19
12
14,24,19
34,19

26,19
38
32,19,36
26
10,46,23,13
31,26,38,23
33,35,7,45,25,47
50,24,19,13
19
26
12,19
6,30,48
34,26,39,47
41,45,25
26,38,13
24
26,3
26,38,23
34,36,40
12
12,8
26,17
38
22,31,23
24
38
25,23
41,38,45

43,19,36
38
24,36
6,32
31,24,38
34,24,47
38,23
12
34,26,24,30
38
33,24,13,47
27,42
41,35,26,24,45,47
26,38,23
35,14,45,8
26,24,47,40
50,12,13
15,38
41,26,24,47
7
41,15,23,51
12
34
26,45
26,23

24,19
35
41,25,39,47
41,24
26
26,19,36,30,40
34,24

13
33
26,38,46,23
31,26
26,38,23
16
26
24,30
38
48
24,19,4,47
50,16,24
23
36,30
36
39,19
24,21,23
24,13
20
38
26,38,23
26,7,38,23

26,32
50,12,19,30
44,21,19
19
26,13
38
29,26,20
9,42,36,30
45,25,36
26,39
44,19,30
8
31,26,38

29,34,39
12,44
18,36
16,24,4
14,24
24,19

19

34,14,7,24
24,13
50
22
47,40
18,45
41,31,26,39
38,23
34,24,37
24,51,47
50,16,34,26,30
34,24,9
34
45,9,36
18,31,39,37
33,38
29,26,45,8,47
35,39,47
12,19
51
41,29,26,24,30,47
24
50
35,26,25,39,8,30,47
33,38
38
26,21
18,38,47
38
38
33,13
26,24,19,30
46,19,30
41,29,26,24,38,45,36,47
50
41,24,39
26,24,3
26,38
4
44
33,41,18,29,22,26,45,51,47,40
48
26,10,25,28
26,38,23
9,42,36
46
47
6,20,21,13,47
26,38
20,36
36
15,38
38
45,36
38,23

41,18,43,34,7,24

26,44
26,44,32
26,38,23
26,7,24,3,23
31,34
29,19
28
48
38
26,47
3
18,26,45,11,19
15,38,23
16,8,48
33,45,25,19,13
41,29,23
26,24
38,13
38
23
12,45,19
38
26
24,21,19
18,29,26
17
6
38,23
34,21,23,13
41,26,45
43,7,45,36
38,23
18,50,47
26,38
10,48
50,34,26,19,47
44,39
35,26,45,25,8
12,37,4
15,26,39
26,21
44,36
12,3
9,42
29,26,47
19,13
26,21
50
41,26
38
7,19
41,7,8
24
34,24
50,24,13
41,29,44,9
24,19,13
18,50,24,13,37,4
32
38
22,15
12,39,36
24,36
26
24,17
19
24,47
35,49
34
26,7,24,45,37,47

50,42
41,50,38,23
34
24,47

8,3
18,7,37

29,12,46
26,38,23


18,50,47
38
18,31,14,24,20,17,47
31,34,24

15,38
24,19


26,38
38
14,30

19
20
24
41,24,19
15,26,38
26,19,23,47
45,44,32,9,36
48
26,38
34,24,23
35,24,13,51,48
34,14,24
26,38,23
36

26,19
41,26,47
45
47
22
18,29,31,26,46,13

38
25,39,30
17,8
31,26,38

36
35,20,39,46
51
7,24,45,19
9,42
26,38,23
26,21,19
18,29,13
38
12


12,39,11,46
34,19
4
35,26,39,8
24
23
7,45,39
26
4
38,10
26
18,26,45
33,38

38,47
27,26,42
15,38,46
38,46
36
38
24,12,19,36,4
41,16,26,20
36
16,36
45,3
14,17

49
24,36
29,34,8
26,38
41,26
29,26,45
24
26,38
34,14,24
24,13
38
45
33,39,9
21
24,12,20
24,36
50,3,19
24,13
26,25,36
41,29,22

25,9,42
24,19
24,19,37
29,7,12
38,23
34,24,20,47
34,13
3
41,18,36
6,12,20
38
31,24,47

50,27,30
10
19,13,40
26,42,30
23
35,14,21

38
26,38,23,51
36,47
34,26,38
19
46,19,47
15,38
41,38

50
43,44
38
26
41,38,13,47
14,47
12,32
38
35,12
24,20,4
38
38,40
44
26,47
21
41,29,26,3

18,29,34,32
29,26,46
26,38,8,23
16,19
50,2,42
44,47
38,13
38
14,26,8
31,47
41,26,38,51,47
41
50
7,19
27,3
22
23
26
26,42,47,40
44,36
38
14

26,13,40
38
26,45,19,51
24
34,24,47
26
29


44
38
24,4
38

38
34,24,19
45
26,45
15,38
26,30
9,42,36
31

18,34,26,24
38
44,13
45,25,19,47
26,39
38
24,19
16,24
7,47
26,21,19

50,19
25
31,39
38
44
38
19,36

34,32,19
38
24
26,38
47
25,19
26,24,45,47
38
38
26
16,21,19
41,34,35,14,26,7,24,20,36
26,38,23
29,31,26,7

38,23
35,26,7,45,47

38
8
26,7,24,20,25,13,51
34,19
38

29,34,14,7
35

26,38
7,25,3
24,12,39,36
26,39
18,13
38


45,25,36
44
38,23
19,48
16,26

38,23
29,26

38,46
38,23
24,47

21
35
38
38

41,26,47
41,50
23
37
29,35,26,47
7,9,36
34,14,39,40

16,26

18,29

31,26
41,34

34,26,24
38
34,24,19
24,20,17,51


26,38,20,25,47
26,4,47

41,39
15,26,38
24,12,20,17,37,4
41,48
19


43,32
29,23
38,23
34,24,20,21,47
46,47
34,24
26
3,19,42,30
31,39
26
19


41,26,39
43,45
26,24,3,47

24,23,13
24
32
41,26
50,24,19
26,17,21
38
18,29,26,24,20
3
21

39
24
50,24
33,38,46
41,18,45,36



16,12,19
24
38
34
29,13
18,39

26,3
26,47
12,17
4
21

36

38
26,38,23
31,26,24
26,38,45
15,25
18,26,45,47
19,4
35,1
26,40
35,45
19,40
5,20,3
38

4
24,19
34,8,49
15,26,38
26,38,46
45,39
26,38
34
4
34,19,40
38
4
24,12
38
26,47
24
45,36
24
24
14,24
10
38
18,29,35,45,25
4
29,35,17
35,26,8,30,51
13
41,31,24,39
39,11
34

24,20,8,47
26
19,4
38
24,32
29
41
6,16,8,49,48
26,39,46
26,45,8,3,36
24,44,37,47
8
26,38

26,12
38
26,38
19,13
4
26
41,18,12,45,39
50
26,5,21,47
3
38

15,38
24,19,13
18
33,41,26,39,13,47

35,12
38,46
26,21
29
29,23
19,13
35,26
18,26,24,47
26,21
45,9,42,36
4

25
38
44
26,21
35,26,47
8
36
38,45
20,8,47,48
36
38
26,38

26
35
12,19
21,13
15,38
31,46
41,29,26,7,24,38,45,17
24
26,38
36
24,36
25,30
26,47
26,9,30
41,7,19,36
24
39
51
36
45,9
38
34,19
45,44,19
19
18,45
24,12
7,24,12,10,3
38,45
29,26,23
38
26,47
26,38,23
26,45,36,47

41,26,7,24,46
35,3
34
34,24,20,25
6,26,24,19,13,1
35,26,8,49
26,3
7,24,36
4
26,38,3
18,24,9
33,41,47


39
35,36,28
50,24
29
50,19
48
38

24,47
46
11,13
24,47
41,38
26,7,17

19,4
18,26
26,38,8,23
27,44,25,36
50,40
35,49,48
41,26
20
44
14

33,16,24,21,13
18,7,45,42

11,19,36
43,14,38,37,36
10,46
50,26,24
38
18,45,44,36
50,35,27,12,20,30
16,49,37
29,26,24
44,39
20,17

19
16,34,14
14,26,24,21,3
38,23

18
21
50
50,27
31,35

38
29
18,24,36
38
50
35,26,47
35,14,17
36
50,36
31,26,24,39
18,29,14,24,45,19,47
34,24,46,47
34,45,9,36,30,51,47
50,24
38
20,47
38,23
26,45,21

16,11,8
24
50,42
26,38
24
38
38
24,19,30
38,51
24,32
34,26,37,47
38,23
29,24,45
24
24,44
18,24,21,19,37
38
36
20
18,26,24
4,47
38
25,47
12,19
29
18,26,24,45,51,47
25

38
24,17,37
18,9,36
24,38,12,11
26,38
26,8
32,19

12
26,8
7
29,26,23
12

24,17,37
36
18,29,26,24,39
38
33,24,17,23,51
12,9,19
34,24
34,24,20,19
39
31,26,39,23
24,47
18,31,24,44,36,47
45,36
20,36,30
33,7,45,44
33,26,39,3
29
39
14,26,17,47
41,19
38
31,26,7,45,51,47
19

36
29,46
51
38,23
27,24

38
26,23,13
6,35,20,23,28
32
38
26,24,13,47
50,27,25,30
26,38
21

12
35,26
50,21
38
13

50,26

26,19
13
50,27,42,30,48
24
19
50,4
41,35,45,39,36

29
36
18,29,50,34,26,21,19,30,47
37
38
26,38,23
18,24,51,47
33,50,36
49
38
36
44,32
18,7,9
48
14,26
18,29,26
27,26,23,47
26,19,37,47
31,26
26,38,45,23
19,36
4
7

38
36
29,13
29
50,27,23,30
22,50,46

29,23
29
29
26,36
38
6
34,39
24,19,47
26,47
41,39
24,30

24
49
44,32
38
23,48
25

26,40
32,21

45

33,40
26,45
29,46
41


44,36
3
18,29,31,36
26,10,19
19,37
26,21,47
34
18,29,50,25,36
38
26,13
16,26,17,21
26,38,8,23
26,47
18,24,47
19
38
29,23,47

38
8
5
18,43,24
31,24,5
26,38
38
12
21

27,19,47
16,4
35,19
15,26,38,46
26,21,30
49
24
26,21,19
26,47
49
26
38,47
38
49
15,26,38,23
34,24,45,39,19,36
47
29,26,19
45
34,21,19
9,42,36
47
49
38
26,39,3
34
18,14,26
34
44,36

26,38,23
34,24,4,47
24,20
41,26,5,45,10,47
46


50,27,10,23,30,48
38
34,35,47


34
35,44
26
26,45,19
25,39,9,19,51,40
14,24,44,19
26
24,12,13
26,38
32

26,51
20,13,48
18,29,34,45

50,45,36
36



26,32,21,19
20
18,45,36
15,19
45,25,36
31,26

26,38,23
34,24
41,24,19
32,19
7
41,29,26,23
32
38
21
4
49,48
12,19,36
38
29,26
44,36
16
50,19,13
12,17
50,16
25
24,9,19,30
24,20,37
37
29,26,23
26
38,23

19
26,24,47


31,47

35,26,45

26,38,23
19
26,24,3,49,47
26,38
47
18,24,44

36
41,27,26,24,25
34,35,26,45
50,31,35,37
42
34,26,24,39,49,51,47
12
24,37
29,28,30
44

38
38,23
23,13
33,41,24
38
47
10
32
10,48
24,45,47
18,26,7,3,19
29,26,46,23
38
26,45,19
41,45
12
26,38
37
41
38,23
34

20,44
41,26,25,47
20,32,47
40
24,19

31
29
45,44,32,9
34,38,19,30,47
3,19
38
44
36
35,24,19,30
34,14,26,7,24,20,51

29,44

32
26,19
24
39,19

41,7,45
18,29,26,23
24,3
50,9,42
41,29,26,45,25,40
35,26,44,36
20
35,17,19
36
26
24,17,23
38
44,32

19
13,30,48
36
38
12

38

22,26

20,44,39
45
29,26,38
9,42
49,48
41,38,45,8,36,47
15,38
38,23
34,26,39
19
36
5,10
16
24


38,46,23
34,26,19
13
18,43,39,47
26

38
33,18,29,26,20,17,46,37,47

24,20
26,7,45,17
38
43
18,26,9
48
23,36
29
38
26,21
44
38
24,13
29,50,15,23
50,9
20
50,27,30
36
34
29
38
50,19,4
24,12
38,23
44
24,20,47
34,24,12
25,49
38,3
24,47
24
38
26,38
29,46,51,47
26,39,3,36
45

38
14,19
26,38,46,23
32
26,38,23
26,12,32

29,24,23
36
18,24
15,38
26,30
24,13,40
24,19,37
36
24,25,39,23
39
34
50,24
13
38
38,23
38,13,47
16,24,4
24,19

7
29,31,26
26,45
19

24
41,38
38,23
33,41,26,21,23
26,32

29,26,23
26,37

38,23
16,27,48
3
19
47

26
41
38
26,23
26,45,47
14
6,20,8,49,47
19,30
14,24,25,30,47
7
41,24,47
7
26
4
39,23
35,26,45,8
24,20,17,47
22
3
33,13
29,26
38
29,26,39,23
26,3,30,40
15,26,38
26,20
34,19,13
12,3
33,41,22,45,13,47
19,47
26,10,32,21
46
5,20,3
26,38
34,12
26,38,46
29
35,26,12,45
27,13
34
50,4

26,13
13
19
18,29,24,25,17,9,30
41,50,34,47
34,26
26,12
18
20,17,47,48
24
18,26,7,45,17
26,45,47
34,24,9
38
24,20,19
26,38,23,47


26
50
35,14,26,8
3
12
18,24
35,3

38
26
26,38
8
14,26,24,45,36
12
45
35,20,47
45,47
3
24
46
29,24
34,13
12
26,38,23
50
15,26,38,23
45,44,36
26,38
13
18,15,26,28,40
7
24,19
38
26
24,19,30
44,19,36
19,30
19

38,23
16,26,17,3,37
24,12,19,36
24,20,8,47
31,45,47
34,13
38

29,45
26,38


36
36
20
34,23
50,3,19
47
50,27
45,20,8,36,47
24,11,13
38
21,11
27,24,45,25,36,30,40
41,26,24

20,47
29,26
12
22,47
33,38
18,24
44
43,34,44,19
26,44
38
41,26,51
38

15,19
24
21,19
16,24
50,19
26,39,47
34,19
34,26,24,21,47
34,44,19
26,7,45,8,47
12,20,49
24
27
44
26,24

24,19
29
45,47
24,19
12


21,19

24,44
35,26,19
13
50,3,19
26,3
50,30
47

38
44
22,50,13
16,24
50,16,19
26
24
26,39
26,12,21
11,13
15,26,38
24

15,38
50,42
26,38
14,17,23
50,21
26,21
33,20,13
26,21,37,47
50,34,26,3,30
24,8,30

20,8,47,48

24
32
34,14,37
29,26,3
4
32
43,45,39,19
41,35,45,8,47
24


27,26,30
35

34,12
24,4

38
16,20,36,47
38
36
24

26,36




41,29
38
36
35,9,36
38
29,26,9

26,24,13,47
26,38
38
38
26,38

50
26,21

35
26,38
27,24
7,45,25
39,13
18
38

19,4
38,23
35
38
34,13,48
24

11,13
24,36
4
44,36
11,49

26,38
38
12

24,37
34
38
26
38
38,23

33
26
26

38
50,13
35,7,12,45,19
29,47
25
39,9,19
38

34,19,49
19,36,30
26
7,24,38,36,47
12
50,24,20,11,19
37

49
44,36
38
41,18,50,24,47,48


24,37
38,23

34,26
44
7,46
26
44,36
24,12
26,19,47
43,44
43,36
26,38
31,45
50,36
26,10,32,3
26,38
35
24
18,36
29,34,27,25

24
6,8
38
45,46,13
49
44,36
38
36
20,36

26
12,44,36

44
29,26,45
26,3
29,45,47
48
24,21,11,37
29,26
45
34,26,24,19
35,26,39,47
26,25,3
50

38
26
13
12,21
26,7,17
26,23
38
41,24,47
41,46,23,51
26,45,3
19,36
16
5,20
26,3,19,47


35,26,20,47
19,30
33,38,45,20,13
19
50,16
38
41,21,23
38,23
26,3
18,28,48
33,13

26,21
50,27,20,30
44,32,36
26,45
3
26,25
36
7,19
18,36
45,25,3
26,38
19
24,49
50,11
24,12,32
40
35,24,20,46
47
18,26,45
46
35,24
45,20,47
39
18,45,47
43,22
41
12

32,19
3
26,8,19,47
33,26,24,19,37,30
34,24
38
18,40
12,8
26
24,20,19

26,7
38
12,19,30
38
26,38,23
24
15,38
11,23,13
18,44,3
26,38,23
24,45
38
38
3,19
24
36
24
38
35
38
25
31,38
16,26,30,47
34,27
26,10,19
4
34,21
50,24,30,51
24,49,47

38,23
32

35,7,20,47
8,47
33,29,34,13,47


50,26,24,47
38
41,38
19,30
26
18,24,19,28,40
26,38,23
24,32,19
41,35,26,39
3
26,21,37
26,38,23
24,39
3
18,13
16,3
34
8

36
24,20,37
13
39
18,29,26
3,47
24,19

44,19,36
26
38
18,24
39

35,45,8,36,47
38,12,46
24,19
29,26,39,46
26,12
45,36
15,26,38
21,19
29,26
38
26
18,29,24,17
29,45
25
24,39,3
26,47
32
26,7,45,47
26,24,3,13
18,26
34,24,25,13,37,47
41,15,26,7,45,46,47
38
50,26,3,19,30
26,21
19,30
34,24,20
26,45,3
38
32
33,24
26,24,30
3,19
26,38,23
26,38
26,44,32
41,38,13
34,19

44

6,48


26,24,36
24
7

29,7,17
26
38
31,38
19

26

39
44


34
26,7,45,25,47

19
13,36
38
47
38
38

26
12,25

49
50,26,19
41,13,47
45,47
38,23
6,48
14,26,45,40
38
50,24,13
38,23
18,26
35
29
12,4
34,27,30
25,46
11,13,47
50,24
34,24,11,23
8
18,29,45,36,47
47
43,26,36
29,26
50,3,19,30
50,20,4
7
26,38
47
26,40
35,38,3
24,45,19,36
20,44,32
48
38
29,31,47
26,38,46
18,26,45
35
26,19
12
44,36
50
34,19
36
50
35
38
26,24,3,36
16,42
38
29,26,45,19

36
29
38
16,21,4
35,14,26,28
34,13
3

24,32
29
32
38
6,12,32
38,23
26,45
19,36

26,24,25
26,19
41,26,45
24
43,24,13

12
44
45,36,47,48
31,39
12,32
25,13

10,49,48
38
26,45
12,13
39,46
45
41,7,45,21,19
18,32,19
35
29,26,39

26
38
24,19

12,46
27,19,42
29,20
26,49
36

3
22,38
24,45,19
6,34,45,20
38

42,30
16
38
26,38,23
44
50,42,30
24,30
26,21
50,19
49,48

49
24,19
41,24
24,12,21,19,37
35,45,36
49
41,26,25
24,13
41,31,26,23
16,35,20
50,25,47
38,23
11,13
26,24
26,32
20,4

38,46,13
18,29,35,46,47
24
6,26,5,20
36

38
19,37
38
24,19
20,1,28
38
24
6,49,48
26,38
18,44,39
24,13
29
26,10,48

24,19,37
35,19

38
24

21
33,18
26,21,19
38
32
50
16
18,34,14,21,11

20,19,13
44,36
41
10
24,39
32
31
26,45,8,47
36
24
3
44
18,43,45,36
24,39,3
24,46
45
36
4
34
38
41,29,38
38
26,24,37
17,8,47,48
24
24,37
45,36
24,36
3
38
48
26,21,19
38
34,24,23,47
32
29
20,36
38,23
6,20
12
44,36
3
20,47
41,26,21
24
24,19
50,44,36
38,46
38
24,19,37,30
24,19
18
38,45,23
33
34,12,44,19,36
12,36
36,51
41,35,26,45
24
43,34
26,21
35,45,23
24,39,46
41,26,39
50,47
26,21
24,13

38
26,32
29,26
23
36
26,24,3
10
37,47
38
12
24,13,47
24,13
29,38,23
45,36
33,12
34
36
50,24,19
26,21
26
38
19,30
34,26,12,20,8,30,48
18,26,24
32
50,36
32,9
15,26
24
48
38,46
24
26,24,25
46
33,7,13,48
12,32,4
14
26,38
19
18,24,3
34
26,32
35,24,44,25,36
16
7,12,46
29,35,12,45,37

19,36
38
34

36
19,37
29,26,19

26
20,4
38
24
26,3
29,34,14,24
26,24,17,47
47
13,48
20
38
26,21
16,26,24,19
24,36
26,38
47
24,12

38,13
50,34,25
45
12
12
19,36
3
24,19
24,21,47
36
24,47
19,48
26,38,23
14,36,40
25
20
37
27,46
34,24
17,21,4
31,24
3
19
24,12,19
50,34
29,26,47
3
38
36
12,11,23,13
38
26,24,12
20,25
34
38
36

7
24
50,2,42
21,19
18,43,45,36
13
24
24,13
13
3
32
50,34,14
36



50,3,19,30

27
7,44
26
6,12
7
38
29
48
26,44,32


48
12
38
34,3
26,7,47
12,19
35,32

32
50
33,45
38


24,32
18,13
12,49,48
26
34,24,12
14
38
26,45
18,50,24,19
38
6,20,48
50,24
32
38
19,47
48
26,38
15,38
36

38,23
49
34,14,26,24,47
41,26
38
43,36
12,13,37,48
38
38
27,36
26,47
26,23
7
32
26
16
19
41,24

39
45,13
19,13
18
24,13,37,51
36,40
38
26,19
50
31,26,38,23

49
21
26,3
12,32

38
25,47


32
38
38
29,32,25,19
50,3,19,30
24
34,24
44,39
24,19,4
39
6,35,12,10,1
9
38
26,38,23
38,13
32

4
13,48
39
19
50
43,26

26,24
38,23
29,26
38
12
27,37
36
34,24

26
24
27,45,25
38
26
26,32


33,18,27,40
38,23
38
26,24,45,39
36
38,45
19
26,36

26,19
32
36
18
38
4
12,19
17
50,27,25,8
38
24,36

26,38
44,32
12
18
3
24,20,4

12,19
35,12
45,3
3
34
31,3
50,30
12
38
50,34,24,19,40
38
44,32
18,39,36


38,23
34,24,13,37,51
19
35,26
24,20,19
48

24,44

27,42
38,23
38
49,48
50

44
38,23
24,19

43,10
38,23
44,32,19,4
50,13

26,23
26
41,26,47
12
32
12
12,19
38,23
24
38
41,18,24,20,47

24,20,23,48
49
32,36
35,26,7,47
44

19
16
34,26,24,47
34,26,3

50,13
34,24
45,39,23,28
41,18,43,7,44,36
26,7,47
12,32,3
24,37,47
38

43,29,20,44,39
26,38,13
35,26,45,8
38
32
26
49
26,3
18,26

43
35,14
32
44

35,26,47
3,13,48
24,23,13
18,50,13
26,24,45,39
21
41,18,44,36

38


34,24,13

32
26,10
18,29,26,12
35
29,26,24,38,44,36,47
35
45,44
13
46
44
31,45,51
7,24
26,12
26,24,12,3
26

44,36
24
38,45,13
38
24,30
38
4
26,12

50,30
24,19
12
29,23
10
26,38,8,23
19
18,29,22,26,23

29,15
38
31

3
26,30,51,47
47
24,13
38
45

18,29,32,39,9
44,32
38,45
27,26,30
41,26,7,45,47
50,24,44,36
24,12
16,35,45,20,25
34,47
26,38
12,45,25
11,13,37
38
41,18,45,20,30,47,48,40
29,47
37
12,32
26,32
32,13

27,42
29,35,20
34,10
24,4
38

38
8,49,48

39,28
26
26
35,14
32

26,9
19
38,23

41,38

3
24,23
24,19
38
24,19
32
34,35,47
45
25
26,38,23,51
35,14,24,47
16,4
18,29,45,9
30
29,34,27,45,25,47
1
4
32,48
32,39,49
41,35,26,45,8
29,26,24,38,45,44,36,47
44
29,26,51
19
4
26
19,13
12
26,24
29


29,38,45,46,13,47
26,7,25,46
35,45,8
50,47
26

42,30
26,24
38
34,26,38,20,8,46,30,47
26,45,32
24
43,12,36
24
38
24,19
38
38,46
38
34,47
18,29
19
20,25,30
34,24
34,14,24,23
38

3,36,47

7
29,36
45
26,24,19


3
26,5
26,21,3
38,23
50,26,13
26,44,19
38,45
26,36
38
24,44,32,37
45,49

45,46
4
12
38
33
12
50,36
38
36
36

34,24,44,36
32,36
26
24
50,23
38,45
38
24
16
49


25,42
3
38
26,38
12
12
11,13
24
36
16
24,4
35,26,13
33,41,45,39,13
31,34,24
31,34,14,7,36
22,26
38,23
50,16,3
36
6
41,26,39,23
34,26,10,3
26,24
26,24

3,47
26,38,23

24,45,47

39
38,23

45,17,21
41,50,23
15,38
50
12
32
50,34,24,19

39
26,51,40
26,45,3,36
26,45,3,36
24
16
44,36
38
24

41,29,47
29,31,34,26
37
24,13
38,23

44

35

24,25
45,47

18,50
41,39,23
36

24,12,19
18,29,17,13
34,26


36
26,24
38
34,24
12
24,47
8,3,49,30,48
24
41,34,24
3
35
18,45,20,30
49
24
29,26

41,26,51

38
6
20
3
3
22,39
26,7,45,21,47
45,3,30
24,38,13,47
29,35,12,20,8,46,47
3
44
38
35,39
32
33,34,19,40

24,13
36
44,19
36
7,32,36,47
3

4
16
16,24
24
26
11,19,13
38
29,38
19
29
38
34
32,13,37
50,34,40

31,34,24
50,14,19,13
4
18,24
11,4
50,19
24
27,26,13,42
50,24,19
38

13,4
31,24
25
7
3
19,30
26,44
34,24,44
12
14,26,20,47

34,8,23,13
36
26,38,19,47
43,26

41,18,29,24,45,25

38
36


24
41,29,26
26,21
39
38
24,19,42
38
24

48
18,24,46,19

26,19
35,26,3,19
3

26,38,25
26,3
16,48
26,3

26
9,42,36

20,3
24
41,26,51,40
29,15
38,23
45,25
3
24
36
34,14,13

46
18,20
12,32

26,19



50,34,27,25,47
26,45,9,36
26,24,25,36
12
36
26,37
50,27,20

50

38
3,19
26
38
32
7,24,36
19
26
24,19
3,36
16
34,26,45,3
33,29
16,24,21

34,24
24,19

14,26,24,23,30,47
26
50,34,24
26,36,47
16,24,17,47
39,36
38
15,26,38,51
50,24,13

14,26
24,4,47
41,24,20,8,36,51,47
35,3
41,3
41,47
26,12
6,14,24,21,37
36

29,26
35
34,19

18,45
26,17,21,3
38

26,32
50,11,47
34,45,32
50,16,19,30

39
24,39
7,24,44,37
38
31,24,46
38
3
50,27,3,30
24

26,21
24
38

13
26,38
38
26,25,3
38,23
45
38,23
12,49
19
42,36
38
29,26
38
35,8,3,23
18,24,12
41,29,26,7,37,47
34,24,12,46
26,45,20
26,38
24,13,49,48
38
26,44
38
34,19

18,47
42,30
19
16
36
26
26,24,47
50,34,30
24,19,36

26
13
3
34,24
38
16,26,3
34,37
3

18
24
38
35,24
8,19,49,4
13
26,7,24,19
24

32
13
25,3
38
26
26,38
29,24,30

18,3,30,48
4

18,26,13
27,42

36
24
29,26
24,19
47
24,47
24,45,3,36
34
29
50,27,19,30
38

38
41,38,46
35,26,24,3
12
21,3

25,46
8,3,49
7
26,38,23
26
24,19
24,47

19
19,13
29,34,27
25



31,24,19
50,21

41,35,47
24
26
25,39

24
22,26
41,26,47
26,38

17,3
35,12
33,7,36
8,36
20,3
12,21
44
50,24,44,19,36
3
12,13

38

38
34
38
39
6,12,20,17,47,48
35,26,30,47
3,42
29,26
36
18,26,39
33
43
32,36

36
34,3,42,30
39,3
8,13
19,30
7,45,36
3,46,13
4
26,38,23


24
36
27
38,39
27,24
38
36
3
24,19
26,5,25,3
10,44
19,36
36
21
38
38

41,26,25,39
26,39
34,14,24,47
41,35,26
38,39
16,12,19
38
24

41,12
23

35,26,45,8
18,19,40
20,49,48
41,25
16,35,26
26
24
26
3
35,25,13
50,26,3
24
38

3,19,30
11,46
26
26,45,3
25,39,3
41,35,26,45,8



26,12
7
29,46
38
26,38,23

24
16
24,4
38
32
34
17,13
50
24,44


18,47

36

44,36
34,24,19
4
19

26,32
20

41
3
26,19


24
44
26
18,26,45,44,19
24,20,19
26,38
20
26,21,19
33,18,26

13
19
24,46,30
24,19
15,38
38
45
44,37
18,29,38,23

19
3
4
26,46
38
24,25,4

41,44
6,16,35,48,40

26,32
19
50
41,24,45,51
7,47
7
12,32

41,26,23

38
24
36
24
49
44,36
26,19

38
36
29,30
29,26,44,3,36
10
36
12,19
25
26
50,16,17
36
49
38,13
36
19
24,36
41,29,26
26
38

38
34,14,24

24
26,5,44
26,21
18,7,45,17,47


21
26
27,19,30
41,29,25,23,47
38



3,13,48
26,23

29,17,30
34,24

24,13

38
16,26,1
38
29
38

24,19,4
37,47
34,24
3
24
35,45,8,3,36
26,3
12
26,38

29,25
24
36
38
24,39
36
50,19
50

50,34,19
26,10,23
3
10
27
19
26
26,24,21
36
26,44

12,39
14,26,24,11
16,24
38
29,23
38,11
9


3
27

17
24
26,38
38
50,19
18,29,31,26
50,27,10,23,30


35,26

4

29
27,26,3,23,42
38

41,29,26,47
19

12

18,11
26,49,37
38,46,23
24,19,30
26
5,46
34,19

36
38
26,24,36

29
36
50,27,30


26

12,3
24,19
36
36
38
39

24,39,3
38
41,29

19
50,24
24,12,17,19
19,13
23
38
45,36
38
35,24,12
31,24,19
31,3
39
47
16,23
39,36
38
50
44,32

26
4
24
19
12,44,21,4
35,26,25
38
50,26
50


38
14
50,34,19
43,26
50,30

26,3,30
50,16,26,3,51
36
26
41,38
36
26,38
24

38
26
41,36
29
26,38,23


50,26,10
35,47

44,32,9,36

41,16,26,24,3,47
26,12,3
24,20

26,38

29
35,45,36

3

34,3,36
3
50,3,19,42,30
33,45
26,45,36

3,19
26
7,24,12,11,46
24
32
34,24,32,19
18,24,36

19,30
29
39
38
35,24,8,49,47

4
33,38
34,26

36
24,21
29,26,9,19

26,24
35,12

3
34,20
38


41,26,7,37
24
50,26,3,19,30
26,38
3,19
26,38,23
26,38,3
4
20
23,49
18,19
46,19,13
41,38
26,3
18,43,9

24,20,37,30
35,44
38
38
38
38
26,3
38
13
19
13

44
4

26,38
35,26,38,46
34,24
3


41
24
36
24
19
19
6,34,12,20,8,3,1

50,12,23,36
41,47
21,3
49
49,48
19
26,32
16,34,24
42
26,21
24,37


26,24

38
38,23
34
26,24,39,47
50,3,19,42,30
38,13
8
29,24,45,47
38,47
26
4
26,36
18,24

16,26,21
24,19


44
6,12
13
3,30
21
13,37
32,13
39

24,47
26,39,3,36
3
35
44
19
26,36
26,12,10,32

29
50,19
12
36
26,21,19
26,11
24,19
36

24
33,26,17,36
29,39
33,41,24,13
3
24
29,3,19
20

39,47
3
27,7,3
26,24
26,17,37
49

16
11,40
16,26,21,36

39
34,20
29,26,19
39
24
44,36
26
24
25

19
16,3
50,24
16,15
44
29,26,24
34
41,29,35,24,12,20,46,36
45,3

24
18,26,45,47


26
3
26,39
35,8,23,49
19,30
34,19

18,29
19,30
3
44
44
26,38,23
44
18,36
47
38
26,3
7,12,46
12
24,19
24,19
38
24,19,47

26,45,3

41,31,47
29,31,26,48
36
3
26,3

41,26,23
18,24,36
3
50,3

34,14,24,38,46,47,40
29,26,23
27
38

3

41,35,26,45,3,47
38

38
29,31,34,26
38
26
44

38

45,3
41,26,24
33,43,39,13
38

18
25,3
33,29,34,26,39,19,47
41

7
18
3
24
24,45,19,37
3
41
14,44
37
19
19

19,30
19
36

34,14,24,47
24,13
4

3
38
50,46,13,36
50,3,19,42,30
24,47
25,36
38
12,19
38,23
19
29

16,3
18,29,26,20
26,12
39,3
50,26
3
45,3

29,45
29,11
32,46
38
10,3
26
38


45

24,44
3
7,21
8,49
32,13
34,20
2
26
12,45,3,19
12,13
45,19
38

47

29,26
29,19
3,19
38
38
3
19
24
32
34,24,20
12,39,19
38
50
3

25
18,29,26,24,36
26,44
12
3

16
26,25,8
26

24,13
12,32
35
41,26,39,3

19
44
12



35,26,45

24,13
32
38

35,12
26,12,21,19
10,3

5,45,36
44
4
31,34,35,14,26,24,20,17
26
38
12,45,3,19
11,13
32
24
43,36
26,51,47
18
39
48
24,30
41,26,38
16,26,21
24,44,19,37
50
34,35,26,24,45,8,49,47


6,20
18,24,39
24,9,37,36
30
36
26,38,23

21
19

16
6,10,1,49
44,39
3


26,21
38,45
26,21,19,40


41,38,44,32,36,47
29,38
3
24
29,45
12
26
41,26,36
26,40
16,34,19
36

24,19
50,35,20,39
29,47

33
4
34,24,5,20,30
50,3,19,30
40
13
43,45,36
6,35,8,49
20,36
26,12,3
29,23
3
38
26,44
38
24,19,47
3

31,26
50,16,26,24,12,17,1,37,48


36

50,13
31,24,46
34
35
33,26
3
38
26,3
12
19

33,31,46,13
10
3
21
45,3,47
12
24,17,47
35,27,26,12,20,3
11,46,13
26,21
35,3,49
16,24
25
19
34,40
34,24
34,24
24
3
33,24,12,13
15,38
29,26,11,19,13,30
39,8
38
38

50,11
41,25,47
29,34,26,7,24,20,39,37
26
34,24
34
26,21,19

38
35
34,24

6,35,12,1
32
26
33,38,13
20,3
25,39,3,19

27,38,25,30,47
48
50,36
26

24
26,21,37,47
36
24,20,8,47
50
45,44
24
22,35,3,36,47
3
50,19

38,23

3

41,31,24,45,23,40
35,3
50,34,36,47
43,45
26,39
32
41
26,10
27,3,42,30
26,38
26,45


35,26,24,3
50,4
25,3
26,38
24,17
29,3
29,26,24,3,19,42
34,11,46,37,30

6,3

4
31,26,7,17,37,47
3
25,8,3,19
19
12
29,24
26,45,21,3
18,26
19,30
4
38
50,16,27,3,23,42,30
24

38
26,38
3,36
26
38
24,44,32
6,16,26,10,8,3
29,24,23
7,39
18,34,26,45,51,47
27,3
5,12,25
47
19
12,46



26
50,42
24
39
26
17,37
26
3
26,13
3

13
19,42,30
3

19
38
38
7
38
26,3,19
50,38,45,47,48
36
34,25,30
6
45,25
12
50,3,19,30
26
44
39,19
3
26
38
13
41,31,24,47

3
3
45,3
29,50,26,20,13,30,51

7
49
36
25,37

50,24,21,3,19,42,30
3
24,13

6,18,45,36,47
12,3,19
8,47
29,26,3

26
26
16

3

34
3,19
16,26
44,3
26,44,4
24,19
50,24,19
29,19
26,21
45,36
26,19
21,36
3,19
26,12

38

36
26,32
25
16

3
50,3,19,30
19
26,21
29
44
38
24
19
24
3
27,26

19
45,3
12,3,19
45
3
26,38
24
50
3,19
44,36

12,3,19

24,44
3,48
48
8
29,26,23
18,26,7,39
16,26,19,49,47
26,42
6,1
3
3
3
26,3
3

3
31,35

24,17,47
24
46,13
33,13
3,47
24,12
24,19


24
26,3
31,24,30
35,20,36,47

3,19
29,22,46
38
20,36
36
50
50,19
34,14,24,19
3
50

5
24,37,4
24
44,32,36
19,4
19
3
35,19


3,19,30
26,36
25,19,13
32
45,8,36
37
8,3,47
26,44
3,19
30
41,35,26,24,45,17,47
12,19
26,38
20,48
16
35,8,3,23
32
26,45,36
24,13
29,23
26
26,45,20,30
41,35,23
38,13

18,26
50
26,24,38,25
23
1
19
24,3
26,21,37
34,24,19
24
33,29

35,26,24,45,3,47
18,34,47,40
34,19
24
41,50,20
38
38
50,26,3,19,30
26,3
48

3
26
41


35,20,44,32,13
45
32,13
44,19


16
38
17,21,37
50,3,19,42,30
27,42

29,35,45
25,3
26,10
26
26
3,19
36
37,36
26,37
25,3
3
34,24,19,23,51
3
50

35,26,47
34,24,37

20
26


19
16,26,19
38


25,3
3
38

12,19

50,3,19,30
29
13,47
45,17,47
12
12
38
36
25
25,3
11,13
12,20,19
19,30,47
38

24
34,24
19

26
41
26
3

17,3,28,47
32
47
34
30
45,3
29,19
34,24,32,19
24,17,37

35,13
45,21,3

29
26,44
26,38

26,8,47

26,12
50,3,19,30
15
12,3
29

12
16,3,42

24,19,23
41,25
11,23

24
19

4,40
18,29,8
12,36
36

6
3
24,3,19
24
50,3,19,30
3,19
41,39
24,20,37,47,48
3
3
36
24,36
34
26,24
3
3
12,32
24
16
50,24,19
24,12,49

29,35,5,45,25

34
50,3,19,30

19
26,38,46

9,36
24,10,3

13
50
24

26,21,19
38,47
26
29,46

16,12

38

36
45,32
26,38
38
3

26,3,30


3
3
25,3,30
21,3,36
34,24,44,19
38
11


24
38
24,32,9,36
3
50,3
44
35
31,35,26,24
25
24,17
50,3,19,30
44,47
35,19,4
26,12,10,20,3
24
3,19
24
3

24
26



50
25,3
34,26,45
45,39

24
48
46,36,47
3
36
19,37

3
24,19
3
50,37
13
50,26,3,19,30
24,45,46,37
41
18,29


29,35,45,39,28,51,47
3
48
5,20

29
10,49

50,34,24,19
29
32
24,21,3
25
3
25,3
45,47
26,39,47
48
23
11

20,48
24,44,36

19,30
36
26,44
19
24
44,36
3,19
50,17,3,19,42,30
3,23
3
19

50,19,30

39,3,19
24,44
41
24,19
50,3,19,42,30
19

20
31,24,46


41
50,3,19,42,30
35,3
3,19
3
3
26


38

50,34,3,19,30
26,3
29,26
26,49
26,3
13

19,47
46
31,45
3

47
34
24
38
29
26,5
4
24,45,39,23
32
3,47
50,3,19,42,30
50,34,26
24
26,38,3,23,47
26
4
19,30

17,21,4
25,3

3,19

12,32
24,9,23
44
7,3

46
27
24
24
3,19
26,21
24,47
29,34,26,24,12,20,47

26,21,3
13
38
18,50,34
3,19,42,30
26,45,9
16
29,36
50,19,36
24
19
45
3
3
38
39,30

35
3
18,36
24,13


24,5
24
41,22
26
50,34,19

26,24

26
12,3,19
43,36
24,47
50,3,19,30
39,3
26
36
24
38
34,24
50


50,3

19

38,12
18,24
16,3,19,30
26,21
19
26,32,36


3
39,3,47
16,26,39,21,3,9,36
38
50,3,19,30
4
38
34,24,44,36
22,15,24,44,32,25,36
19
50,3,19,30
41,24,36
6,35,20

50,3,19,30
3,19
38
38,47

26,24,10
32
4
36
29,25,3
3

26
34,26
44,36
24


35,20,47
44
12,3,19
34,14,24
29,22,26,23
44,36
50,16,26
26
44
26
46

27,3,42,30
32
26,39,19
49,48
50,16,34,27,30
12

29,26,17,21,47


24,19,37
38
34,24
21
50,24,19,13

12,19
40
50,3,19,30
47
3
34,32,19
12,3
45,9
41,38,11
38
37,47

3

25,3,36
26


24
26,39,3
34
34,24
3,19
3
35,25,8,3,19
38
30


11,47
34,24,45

12,19
24,32
13
26,24,19
50,3,19,30
3
12
35,26,8,49,47
3,37
50,3,19,30
5,20
32

29

26,24,12,32,19
34,44,9
26
26,32

24,13
26
18,29,26,46,13

36
3
19
41,50,16,19
24

26,24,45,47
41,31,24,45,20,25
3
24
45


39
25,3
50,3,19,30

13

3,19
50,3,19,30
34,26,3,51
29,3,19
3,30
24,36
34,24
23
16,24,3,30
21
41,31,26,24
3
50,26,3,30
8,47
25,3


19,36

26,3
26,39
26,24
16,26,3
26
34,26,39,19
35,3
24,48
35,20,3,19,37
24
29,12
19
24
19
19
3
19
24,19
19
27,3,30,47,48

50,3,19,30
4
26,39
26,3,47

3
34,26,24,23,13
12
24
12
24
3

24,37,47
3
3,19
50,24
36
12,19
12,32
8
43
43
50,3,19,42,30

26

50,26,3,19,30
12,20
39
35,26,49
50,26,3,19,30
24,10,3
8,3
12,39,21,19
38
34
45,36
12,13,48
49,48
13
44
3
3
41,24,47
12,30
26
25,3
24,13,48
19
26
50,3,19,30
3
26
12
3
34
6,19
38,23
50,3,19,30
41
24,36
44
41
19
26,47
35,20,13

50

26,3

50,26,3,19,30
3
50
26
45
25,3,46
24,19
26,25,3,19
3,19,30


26,39,3
32,19
3
26,45,47
30
26

26
26


26
26
18,26,44
38,23
24,19,47

50,46,47
18,29,26,20,17,19
24,19,30,48
26,38,23
36
26,21
3,42
26,3,19
34,3
50,3,19,30
26,45,51
16,34,12,45,36
35,13,47
43
26,10,47
50,3,19,30
3,46
20
41,18,29,50

8


26,39,3
3

26,19

26,24
26
36
34,26,47
3
50,3,42,30

29,45

44

50
18,24,45,19,51,47
50,27,3,19,40
26,3
24,20,47
12,19
26,12
3,19
50,3,19,30
24
12,21
34,19
14,24
10,44
35
38
19,37
32
34,24
3
3,48
50,26,19,47
26,21

41,26
43,29
3,47

26
26,12,25,3,13,47
24

16,3
19,36
12
26,36

19,30
26
3
3
51,47
38,23

23
26,3,23
45
3
16,13
47
26,10,21,19
12
24
35,3
3
36
4

26
26
41,25,39
24,47
3
3
26,38
41,45
45,36

32,19

50,3,19,42,30
26,45,44
32
38
12
50,3,19

18,29,31,26
49

26
45,25

38
15,26,38,23
24,47
33,41,38
3
37,36
35,20
46
48
20,39
12
16
10,3,49
3

49
50,45,3,19,30
18,3,28


39,3

24
29,26
24,4
48
21
3

24,9


48
38

12
35,26,36
3
26,3

25,3
35
26,3
25,3,19,30
3
31
19
50,3,19,30
26,38
38
45
26,3,46,13,36
38
36
6
3
34,26,24
34
39

26
50,12,45
3,19
50,12
16,26
26,3,19,47
24
39,3
24,44,19
38,46
3

26,32
12
3
24,45,25,21
45,3,19,42,30
22,46
14,19
12
3,19
31,20,30
3
24,13
45,44,36
8
38
25,39
3,49
20

41,26
38
38
49,48
12,19
3
16,3,19
26,5,3

38
24,9,42
13
26,9
29

20,46
16,27,42

3

37
26
38

26,7,24,25
6,16,35,3,1
31,26,47
31,24
34,24,19
44
12,13,51
29,26,19


44,36
29,23
26,44,32
3
26,44
16,21,19
3
18,29,50


26,39
50,26,3,19,30

50,27,24,3,19,30


3
34
24
14,7,47

24,45,39,13
26

38

36
4
3

12,3,19

34,26,32,19
24


41,29
17,11,47
19
26
18,50,24,20,4
44,32,8
19


26,25
33,45,25,39,36,28
34,19



36
26,47

41,46
36

7
41,47

24
3



26,19
24
12
43,36
44
11
34,49
16
9,36
16,34
24
45,3
41,29,39,47
3




50,3,19,30
26,39,23
3,19

19,37

37,47

20,47
3


32,19

38


33
3
3
41,50
48
3
26
34,24
38

34,24,19,4
41,19,47


19
10
50,3,19,30
29,39,46
41,3

13
37
24,3,19
3
39

3
26,32,19
45,47

46
29,35,26
18,26
24,45,17
27,25,3
3
6,5,10,20,1
3,19,30
39
3
35,12
45,3
12,32
26,23,42
3

26

26
26
3
16,26,21
3
19
18,24,45
18,44,36
16,26,3,48
24
3
41


36
24,19
26
36
49
3

26,25,3

19
47
44,36
45
6,24,12,1
50,34,24
36
27
18,26,24,37
26
26
24
24,32
47
26
26,24

19
32
11,13
16
41
38
16,46
26,36
24
50,3,19,30
20

45,36
25,3,19

13
12,45
45
24,47
26,3

3
18,29,31,26,46
6,5,10,20,49
38
3,19
26,39,3
16
26,7,3
34,19,13


50,3,19,30
13
3
41,14,24,20,39,47
19

24
3
38,3
50
3
3

26,12,32
12,17,21,37
24

16,26

26,38

19,30
50
34,26


3

24
26,38
24,47
16
26,24,39
26,32

26
50,3,19,30
50,3,19,42,30
26
39
41
26,3
17

24
3
50,3,19,30
34,14,26,39,28
39
26,49
12,20,49
3
15,21,19
38
38
3
38
26,3
12,3
38



26,19
26,3
26,3
38
26,45,39,21
3
3
12
38
24,19,13
3
13,4
31
39
34,1
3
24,19
3
26,3

24
25,3
3,30
50,3,19,30


26,45,3


50,3,19,30
39
24
29,44
44
26
32
20,36,47
3
26,3,42
26
45,39
34,14,26,24,30

3
38
50,3,19,30
3,19,30
3,49
3,42

34
50,26,3,19,30
18,24,3

3
39

44,32,36
8
24
16,26,21

33,24
26,36
38
12
24,46,51,48
24,49
1

12
3
50,3,19,30
3
26
16,26,45
34,12,19
26,12,10,39,3
44,32,19
3

7
45
24
26

3

4
45

26
12,32

44,32
24,44




3
10

26
33,26,24,19,37,30
26

50,3,19,30
3
3,49

26,32
24,39,3
3
41,26,25,39,3
45
26,3

3
50,3,19,30
34,24
8,49
50,27,26,17,30


50,3,19,30
34,24,37,47

24,17,4
3,19,23
29,35,7,3
45,11,9
3
26,7,24,25,3


19
50,19,47
3,48
26,45,19
6,10,1,49

26
7
50
3,19
3
24
26,38
38
25,3
41,26,3,30
34,3
26,19
19
24
3,19,30
43,10
26,3
16

3,19
7
24,4
34,39
29,3
12
19,30
24
26,3
29,25,39,3
16

20

31,35,24
3,48
12,19
50,3,19,30
3
16,26
26,7
19
45,36
26,3
3,30

34,21,46
26,3,19
26,19

8
26,24

19
24,46
26,39,3
3
26,3
6,41,16,34,27,26,24,12,20,21,8,19,49,30,47
3
26,3
47
50,24,39
33,23,13
42
29,26,3
35

32
16,19

45
34,26,3
13
44
3
35,25
26,12,45
6
24,45,39
20,8,47
32,25,19
3,23
35,3,46,47
50,39,11,13
50,3,19,30
6,35,26,5,1,49
36
46
25,39,3
3
50,3,19,30
13
3

50,3,19,30
50,24,13
3

24
24
50,3,19,30
24,19
3

50,3,19,30
26
26
24,44,36
24,12
20,3,48
26,45,3
26
19,36
36

26,19,37
50,26,3,19,30

3
33,45
3
26,45,40
16,27,10,3,23,42



3
26,3
26,7,17
31,34,19,30
50,26,17,3,30

26,10,20
26

26
16,26,21
3,19
38,45

25
45,36
24,47

26,17
24
3,19

26,3
36
30,47
26,10


19
32



24


26,3
46
45,19,36,47

26,10,21,19
24
16,25,39,11,3,19,30


24
26
7
26
24,44
26,19

48
26


35,24


19

24,32,13
3,47
3,19
50,12,3,19,30

24,10,3

26,3,19
3

43,7
39,11,3
26,24,45,20,47
3
17
24,9,36,48


48
3
3
50,3,19,30
35

19
48
45,3
16,26,3,42
24,49
39,3
26,38,3,23
26,10,20
24

20

12,20,19
16,21
50,34,26,3,30
39

34,12,11,4
12

34,12
12
24
7
44
26,3,49
26,3,19,30
50,3,19,30
17,3
3
16
21,19,37
26,20,3
35,3
39,3
46

26,19
3
20
24,19
12,19
23
50,17,3,19,42,30
3
3,23
26

16,32,19

26,3
10,44
